0,1,2,3,4,5,6,7,8,9,10,11,12,13,14,15,16,17,18,19,20,21,22,23,24,25,26,27,28,29,30,31,32,33,34,35,36,37,38,39,40,41,42,43,44,45,46,47,48,49,50,51,52,53,54,55,56,57,58,59,60,61,62,63,64,65,66,67,68,69,70,71,72,73,74,75,76,77,78,79,80,81,82,83,84,85,86,87,88,89,90,91,92,93,94,95,96,97,98,99,100,101,102,103,104,105,106,107,108,109,110,111,112,113,114,115,116,117,118,119,120,121,122,123,124,125,126,127,128,129,130,131,132,133,134,135,136,137,138,139,140,141,142,143,144,145,146,147,148,149,150,151,152,153,154,155,156,157,158,159,160,161,162,163,164,165,166,167,168,169,170,171,172,173,174,175,176,177,178,179,180,181,182,183,184,185,186,187,188,189,190,191,192,193,194,195,196,197,198,199,200,201,202,203,204,205,206,207,208,209,210,211,212,213,214,215,216,217,218,219,220,221,222,223,224,225,226,227,228,229,230,231,232,233,234,235,236,237,238,239,240,241,242,243,244,245,246,247,248,249,250,251,252,253,254,255,256,257,258,259,260,261,262,263,264,265,266,267,268,269,270,271,272,273,274,275,276,277,278,279,280,281,282,283,284,285,286,287,288,289,290,291,292,293,294,295,296,297,298,299,300,301,302,303,304,305,306,307,308,309,310,311,312,313,314,315,316,317,318,319,320,321,322,323,324,325,326,327,328,329,330,331,332,333,334,335,336,337,338,339,340,341,342,343,344,345,346,347,348,349,350,351,352,353,354,355,356,357,358,359,360,361,362,363,364,365,366,367,368,369,370,371,372,373,374,375,376,377,378,379,380,381,382,383,384,385,386,387,388,389,390,391,392,393,394,395,396,397,398,399,400,401,402,403,404,405,406,407,408,409,410,411,412,413,414,415,416,417,418,419,420,421,422,423,424,425,426,427,428,429,430,431,432,433,434,435,436,437,438,439,440,441,442,443,444,445,446,447,448,449,450,451,452,453,454,455,456,457,458,459,460,461,462,463,464,465,466,467,468,469,470,471,472,473,474,475,476,477,478,479,480,481,482,483,484,485,486,487,488,489,490,491,492,493,494,495,496,497,498,499,500,501,502,503,504,505,506,507,508,509,510,511,512,513,514,515,516,517,518,519,520,521,522,523,524,525,526,527,528,529,530,531,532,533,534,535,536,537,538,539,540,541,542,543,544,545,546,547,548,549,550,551,552,553,554,555,556,557,558,559,560,561,562,563,564,565,566,567,568,569,570,571,572,573,574,575,576,577,578,579,580,581,582,583,584,585,586,587,588,589,590,591,592,593,594,595,596,597,598,599,600,601,602,603,604,605,606,607,608,609,610,611,612,613,614,615,616,617,618,619,620,621,622,623,624,625,626,627,628,629,630,631,632,633,634,635,636,637,638,639,640,641,642,643,644,645,646,647,648,649,650,651,652,653,654,655,656,657,658,659,660,661,662,663,664,665,666,667,668,669,670,671,672,673,674,675,676,677,678,679,680,681,682,683,684,685,686,687,688,689,690,691,692,693,694,695,696,697,698,699,700,701,702,703,704,705,706,707,708,709,710,711,712,713,714,715,716,717,718,719,720,721,722,723,724,725,726,727,728,729,730,731,732,733,734,735,736,737,738,739,740,741,742,743,744,745,746,747,748,749,750,751,752,753,754,755,756,757,758,759,760,761,762,763,764,765,766,767,768,769,770,771,772,773,774,775,776,777,778,779,780,781,782,783,784,785,786,787,788,789,790,791,792,793,794,795,796,797,798,799,800,801,802,803,804,805,806,807,808,809,810,811,812,813,814,815,816,817,818,819,820,821,822,823,824,825,826,827,828,829,830,831,832,833,834,835,836,837,838,839,840,841,842,843,844,845,846,847,848,849,850,851,852,853,854,855,856,857,858,859,860,861,862,863,864,865,866,867,868,869,870,871,872,873,874,875,876,877,878,879,880,881,882,883,884,885,886,887,888,889,890,891,892,893,894,895
164,211,115,69,165,100,694,269,658,733,109,1434,213,135,303,272,325,168,402,134,201,523,232,2629,157,123,168,39,453,331,176,105,282,240,175,138,198,116,1213,106,121,538,287,677,173,262,547,360,179,1264,269,101,96,255,279,3146,1289,240,343,438,1436,163,686,140,2083,155,1716,436,233,208,150,269,589,231,164,614,143,10949,1546,135,138,652,3921,146,749,181,115,781,398,1393,279,324,276,382,315,167,260,1891,331,324,271,779,138,243,131,539,4027,282,2655,184,78,201,119,415,1073,137,166,1395,1356,115,97,214,119,4581,139,2634,711,164,40,328,497,137,165,9509,325,80,155,3942,73,3606,1289,152,191,1239,1179,195,226,154,155,7343,113,2302,428,147,428,228,135,14455,225,19111,151,316,3761,3172,432,527,1260,90,321,112,2132,56,191,359,169,646,300,69,65,434,61,512,482,103,257,113,556,690,515,110,149,1010,126,159,1562,335,234,479,907,148,335,153,270,788,195,734,134,253,94,124,723,690,383,114,1202,234,3017,430,130,127,70,230,138,1362,681,19978,323,1502,843,122,149,918,114,160,433,281,492,4623,615,141,333,90,252,503,850,254,4946,357,237,159,306,168,311,234,126,224,649,318,6501,141,316,113,123,86,67,17564,252,2325,138,370,84,586,487,219,686,505,246,241,439,99,199,112,85,606,243,128,176,7280,184,563,804,802,1703,706,133,3043,233,198,171,707,634,85,131,3204,1124,115,163,1914,284,123,1217,173,562,891,121,126,251,70,396,843,26296,914,778,583,115,1724,612,105,789,178,1071,70,498,1368,13615,210,1492,336,114,439,150,425,313,254,270,778,189,309,1720,87,1047,214,4894,61,206,99,377,167,9264,369,128,124,1023,229,146,1603,945,160,109,957,419,2934,185,683,184,170,2073,215,1034,314,434,392,613,1163,406,1034,217,101,1027,150,290,124,227,232,585,1499,152,131,233,146,220,127,516,123,447,4564,258,80,3161,537,335,66,479,143,146,806,82,116,1215,227,258,1213,45,3727,159,645,854,317,265,221,122,1042,1132,517,181,113,611,382,145,289,196,164,881,263,672,1509,308,135,117,476,579,273,1317,501,227,262,538,3964,244,1122,231,295,624,310,280,93,642,288,215,483,1416,227,173,288,565,124,1201,70,573,74,898,715,101,145,552,112,413,64,2886,90,263,107,192,598,143,15203,196,1328,261,1023,174,134,412,319,430,86,223,140,135,318,669,259,2187,142,319,159,3265,201,569,238,189,304,327,956,203,514,274,548,5420,460,538,1174,149,238,170,6871,193,133,409,1756,270,1101,246,250,73,709,143,82,940,60,45,804,325,482,772,1052,679,1608,78,1994,1783,3235,260,691,361,502,1012,558,158,202,171,504,585,1599,526,398,510,339,52,49,6744,304,633,979,445,194,165,3531,83,44,116,157,232,999,242,2868,1417,253,2559,129,939,375,143,293,100,228,604,654,17492,260,82,287,4702,51,255,931,221,78,2945,79,58,228,692,334,1433,273,4265,792,1107,422,326,263,137,818,773,131,152,271,1211,371,97,134,212,227,185,99,89,159,145,241,568,244,800,646,108,596,134,477,709,975,213,186,84,234,117,148,1060,632,305,364,2041,3419,138,1123,301,250,190,80,392,308,1729,370,406,162,93,579,518,584,159,96,970,351,403,369,181,544,233,254,1128,177,237,489,511,113,346,133,211,2156,1487,101,222,1136,347,111,174,195,125,138,459,177,180,202,505,1361,133,822,313,225,260,451,89,3567,424,219,94,212,753,300,309,359,439,349,130,207,903,318,354,109,470,5261,202,187,207,2304,263,225,579,97,189,130,366,195,149,177,427,312,252,219,310,792,939,282,286,115,156,817,217,176,1787,317,950,87,274,5229,639,144,178,140,264,145,2267,86,174,470,175,94,147,99,519,248,1270,552,1274,1389,1019,154,217,71,209,2799,2069,141,393,272,214,223,571,380,330,102,1547,356,230,555,138,636,1038,162,794,783,203,232,140,286,584,196,295,1411,1310,212,154,349,270,1391,640,319,109,571,172,788,93,223,138,155,145,378,163,534,309,759,873,7070,100,916,487,241,849,220,171,261,191,120,1941,562,102,955,699,637,1190,143,106,291,313,881,235,381,115,506,322,410,217,150,831,85,758,114
360,614,97,751,513,247,153,285,1281,608,411,1891,1171,396,1590,216,401,159,1321,85,106,113,1787,3666,3569,181,122,588,895,309,115,254,381,188,86,68,525,764,159,289,2202,126,326,3596,732,627,214,1413,498,191,186,849,2964,287,328,208,496,165,351,166,136,291,96,45,353,86,424,2294,1153,549,734,418,78,224,168,129,387,613,162,1034,602,60,117,227,261,1017,120,1463,132,696,1164,308,354,443,303,184,796,112,183,132,280,439,327,266,313,3828,235,243,126,272,313,226,634,1031,6427,313,113,114,1642,365,204,3784,178,600,353,1208,629,170,114,187,76,221,68,3241,3479,102,269,2210,1253,424,1451,465,51,1060,295,128,108,352,38544,404,305,56,393,1183,6295,2067,1192,415,634,2227,86,1328,382,78,355,113,309,281,2984,131,308,217,334,360,9072,1106,353,85,7212,224,249,274,150,129,1628,9950,1037,133,135,4375,191,130,83,1618,166,251,141,395,520,122,605,1012,1325,126,509,9251,285,364,877,607,343,2609,90,690,66,7947,803,468,853,622,184,255,407,206,255,268,539,110,1416,1831,2290,134,810,150,298,215,73,3448,662,116,219,761,1938,2205,283,406,209,771,458,76,147,298,763,238,405,420,247,88,552,5665,340,351,58,145,102,365,68,645,419,520,802,657,1341,537,152,2030,722,150,287,122,282,124,304,118,468,244,443,2522,191,1283,72,408,166,201,267,283,1493,213,139,176,147,293,214,274,475,273,122,187,749,315,693,79,98,195,263,103,235,4421,195,1385,1644,103,156,921,591,174,688,314,171,199,227,82,282,277,260,487,3609,1755,262,212,382,961,99,295,4396,703,111,586,173,386,399,1929,517,1471,265,169,57,69,168,213,263,5254,132,168,346,1281,1106,237,102,505,515,2560,932,286,1004,106,260,182,116,552,153,215,504,1035,626,255,1997,433,163,5087,5529,274,86,27,359,314,84,474,83,246,115,512,308,317,335,642,430,2465,1362,230,111,195,180,203,2592,77,774,585,212,666,1539,359,1061,4678,160,144,393,845,323,549,311,273,1811,949,97,199,188,177,1626,336,1420,422,719,714,108,167,119,112,193,452,327,243,381,3224,133,682,192,384,1305,113,101,163,1254,1210,142,201,640,5362,161,288,584,2826,259,388,210,189,74,961,2056,124,306,197,123,141,137,310,245,236,212,193,349,121,497,182,277,86,1170,136,1271,176,1479,854,532,173,136,17273,266,434,290,191,197,66,85,367,878,1976,950,351,556,493,108,240,180,1725,844,143,509,1107,641,632,177,379,1036,128,324,373,267,291,1323,611,148,179,131,552,114,1215,640,204,492,338,307,238,502,410,111,522,607,153,1324,2380,355,297,451,168,2613,162,195,328,5382,151,190,2659,1808,380,368,319,398,774,186,486,873,333,174,297,666,1634,2814,345,135,2521,220,318,2256,330,668,665,221,208,193,77,540,391,181,4053,155,414,1662,205,3932,774,492,186,3276,863,146,123,181,195,1562,511,143,300,1197,148,288,2672,155,434,1086,415,571,68,95,236,440,118,418,404,98,115,214,922,697,1260,2014,1135,777,192,85,2878,170,168,131,95,154,360,478,38,848,641,212,84,105,116,151,195,166,113,587,241,295,37,309,2824,425,387,13947,425,122,629,1031,466,581,130,97,329,421,101,101,257,265,75,312,140,409,227,88,1044,369,205,444,196,226,2403,228,48,141,126,106,85,16109,1058,1524,2509,643,133,137,45,250,498,149,1916,234,731,167,2251,134,161,332,215,253,215,172,161,301,153,678,72,1024,482,155,287,2471,165,780,939,104,90,155,83,268,537,168,134,156,62,350,212,498,112,247,441,840,453,407,289,370,1437,119,1196,1086,5065,1347,144,117,85,194,447,6224,281,334,71,112,2464,1034,87,99,361,139,1185,217,955,51,69,107,522,676,704,115,548,233,201,197,95,590,569,4782,747,432,171,132,68,142,127,2547,420,69,262,413,213,39,532,677,234,230,156,412,237,298,249,252,81,438,374,1295,222,440,387,530,83,375,245,251,1367,186,264,104,115,1852,248,238,989,642,292,132,561,718,2277,75,240,100,291,164,1879,2528,336,277,996,102,2793,694,3825,306,814,1917,205,2886,842,183,124,114,179,1635,140,784,849,264,102,1011,589,73,159,435,163,302,86
2231,138,264,185,90,609,77,261,100,738,576,304,117,199,1089,157,1333,284,175,175,93,138,495,300,120,706,710,1322,262,543,150,173,243,455,233,320,98,176,513,989,229,612,1407,321,306,590,395,506,211,196,1143,413,203,206,130,207,236,851,179,629,345,270,80,289,150,462,515,1685,212,145,182,332,964,124,710,1632,104,1189,125,1871,149,259,370,287,502,534,485,181,99,121,2616,251,231,238,306,208,181,233,182,153,93,385,112,1500,133,747,82,912,101,59,160,674,282,125,2419,187,786,207,89,1273,214,678,539,124,229,405,865,1532,136,3799,66,651,927,424,1456,487,1072,550,107,724,8466,48,151,257,572,186,315,65,167,266,241,486,208,280,441,5270,302,279,1965,2195,693,222,635,247,368,1592,254,536,163,167,1202,568,647,177,924,292,3758,72,119,338,110,438,236,577,148,76,126,95,346,284,154,784,160,72,119,381,229,264,1251,80,389,133,3220,4868,165,684,633,554,180,4290,239,5636,413,85,233,275,127,152,123,172,2325,119,339,91,369,100,434,174,629,165,343,510,1211,526,148,328,645,358,239,473,2584,261,668,149,128,335,8180,1373,408,1173,217,1007,59,172,495,314,175,2286,87,269,443,145,88,310,170,408,162,164,4377,149,78,13285,310,2331,179,239,292,149,113,1313,579,197,436,241,242,133,158,889,1376,336,1001,299,2041,829,282,1147,178,296,327,610,410,245,293,154,716,305,1266,81,2764,1685,516,166,179,87,102,614,97,346,251,346,248,522,63,929,271,175,520,81,464,266,233,189,418,275,103,414,375,239,287,195,168,533,108,672,182,87,188,176,167,2584,407,219,193,116,112,84,213,150,181,147,1503,932,227,1658,807,108,101,85,329,442,205,202,83,86,6457,80,793,194,47,1615,1937,523,205,791,3449,684,593,187,404,64,991,139,306,204,180,194,427,343,416,403,617,14417,161,414,194,110,187,123,282,117,211,68,427,132,276,235,517,566,1191,73,248,846,503,4183,148,553,319,266,365,252,318,275,491,962,293,558,328,247,389,1099,131,147,82,873,193,3594,134,1094,466,184,280,990,318,153,374,1990,1589,385,495,101,79,65,473,359,571,332,379,615,472,626,296,236,420,754,297,3852,720,306,1089,197,1595,134,141,214,194,309,124,1302,241,242,858,169,763,287,146,352,230,110,237,3384,733,233,715,211,179,317,120,1463,232,795,219,205,94,414,1276,227,211,1015,2979,3867,1298,217,82,219,141,240,225,94,364,270,61,211,1698,664,308,844,1050,138,139,48,629,136,154,228,2101,302,870,190,855,1373,169,5476,415,116,2275,4134,182,383,161,69,152,130,74,629,80,135,1824,140,715,223,264,190,382,1041,163,158,301,3798,444,166,120,297,157,113,283,114,205,193,332,234,90,4657,231,728,588,294,552,471,611,294,370,442,511,302,9581,847,17347,228,7777,335,192,63,391,257,265,1343,199,1241,162,185,1308,176,409,98,437,512,497,153,377,220,244,2077,123,108,562,2001,3768,532,314,110,1142,1102,159,335,1111,300,376,279,798,200,182,487,901,239,204,305,117,111,148,261,483,1841,567,396,657,275,562,2142,570,112,275,127,111,421,176,132,159,711,261,341,135,395,81,79,162,193,7423,158,379,1931,73,1049,149,408,9774,540,3909,203,114,274,497,123,927,882,12075,272,232,270,560,328,144,392,146,370,102,386,124,454,389,158,612,124,177,223,177,278,1016,392,80,3808,199,766,837,141,3101,474,302,311,328,256,77,1596,1358,316,120,131,541,106,272,1802,355,3202,5750,273,1747,4227,6629,82,507,196,246,307,81,70,179,6173,306,710,179,599,79,138,2415,50,400,67,637,395,124,1831,179,233,155,163,472,183,4340,480,129,444,1601,257,1251,689,112,150,284,169,175,498,236,141,257,69,842,169,453,100,132,307,207,448,686,772,373,1464,158,216,534,100,358,2178,155,1516,969,3583,64,404,556,308,727,89,242,322,6447,300,186,98,3136,283,100,150,271,182,317,79,245,214,2758,222,166,2745,933,376,448,1135,187,110,755,306,194,131,145,363,354,144,175,506,301,172,151,1047,367,87,386,331,137,432,184,663,122,460,830,732,856,682,495,123,618,322,1174,2680,431,994,139,876
5049,159,1608,337,250,203,1405,152,419,103,171,527,251,121,4205,885,229,222,395,222,576,170,1076,477,159,604,530,1061,231,181,257,248,42,1157,57,248,203,14715,109,407,2396,397,21941,2287,2692,2482,717,150,76,242,900,183,4948,290,201,362,209,774,190,1576,52,112,8287,184,191,1183,156,109,11320,197,533,662,318,109,467,376,69,114,117,198,208,97,1497,416,132,138,551,179,142,927,172,69,191,1459,26488,40,95,166,56,246,776,240,132,334,580,178,161,632,113,351,171,201,109,1190,901,1146,1071,248,2762,411,119,482,650,50,254,4027,655,1258,127,239,1732,238,151,184,616,104,811,114,1994,125,502,157,893,2178,143,396,130,64,79,117,377,155,405,273,124,2791,373,96,134,2745,184,1489,3501,223,523,183,109,211,946,433,112,93,159,80,180,186,98,331,2897,177,100,708,136,197,278,97,2434,814,168,65,78,96,265,9365,45,260,5181,921,254,422,19998,6858,210,126,203,190,671,870,1652,178,979,248,3647,1763,675,1010,3412,258,854,418,678,276,266,1168,633,52932,401,533,66,201,159,65,6894,341,134,168,1112,3171,1053,523,165,446,341,467,282,94,1000,1083,506,447,180,171,203,802,629,349,2667,304,1248,136,1891,583,234,77,305,217,9893,266,250,120,987,263,108,214,154,85,1198,269,316,68,1715,193,451,970,231,273,1268,705,332,91,4457,79,95,335,92,102,229,311,222,171,92,159,82,1795,81,411,122,171,88,352,225,556,198,799,300,8690,149,1151,173,2109,85,225,211,133,240,305,1216,348,292,216,69,65,182,173,195,320,160,149,375,3138,189,173,100,148,574,451,312,123,1389,881,152,570,841,131,133,258,322,458,388,139,132,71,551,378,102,7641,260,101,125,846,238,299,496,317,235,1829,81,1028,116,12517,257,89,75,937,197,93,12489,133,353,166,264,3741,381,74,889,3785,317,909,1816,580,82,175,164,488,147,619,2862,171,175,297,528,198,795,375,186,506,590,259,429,186,982,259,5376,742,154,69,153,118,791,1971,569,212,605,2249,112,461,489,704,381,57,244,321,617,265,72,488,180,434,1155,113,81,244,828,224,52,377,797,995,2523,242,16278,1705,155,386,445,806,280,183,1292,134,348,139,5278,60,54,140,143,131,238,534,228,1302,1286,106,1596,62,159,367,179,110,135,298,4363,126,6252,186,332,270,891,365,193,391,891,739,104,382,269,134,272,82,155,197,616,247,504,186,189,373,81,580,59,2499,98,319,657,249,192,1084,515,113,1619,376,402,108,916,1557,474,256,598,156,5267,172,138,3594,450,3339,160,542,88,184,172,219,280,814,476,416,270,534,31774,1005,168,156,443,131,2094,214,192,126,184,1178,2091,336,202,802,721,49,71,517,855,501,476,479,242,405,250,102,53,736,341,1457,114,170,168,705,583,502,562,466,116,488,523,371,107,227,77,374,2156,134,118,246,898,513,397,145,669,2439,78,119,105,4264,456,212,147,128,112,496,45,427,285,145,1023,354,1067,197,663,186,411,122,97,196,1308,677,70,749,217,274,178,314,403,205,13728,753,157,98,457,181,59,38,168,324,91,126,144,123,482,145,787,204,1403,338,719,444,296,128,1856,156,625,1047,253,303,567,548,44,1081,356,433,147,81,983,345,133,665,134,830,90,5652,246,1527,1503,143,234,94,145,64,1717,160,69,180,514,144,505,587,498,241,69,1583,214,1308,134,41,1184,551,172,140,213,1464,163,2492,120,108,656,1057,52,130,424,19547,135,993,342,281,75,197,108,178,310,112,136,511,188,77,4350,200,210,230,365,101,4567,546,308,123,289,359,158,733,2499,204,225,120,253,59,131,97,142,229,213,443,177,1888,17662,501,206,972,241,329,4559,191,475,783,105,3073,190,219,606,193,295,178,368,880,80,71,215,331,101,178,1183,6149,324,1003,197,152,919,198,947,535,103,603,197,268,326,554,233,323,274,251,2758,7819,670,66,903,336,191,974,148,127,134,1192,1089,720,221,1934,1921,228,173,222,204,655,150,920,760,372,702,580,14489,167,320,149,257,162,2087,734,780,156,5506,428,480,196,52,655,391,501,421,671,6188,142,126,99,230,96,171,59,115,176,732,527,856,915,1206,223,183,380,1039,58,131,758,2360,249
664,2630,16685,2223,454,247,1318,3675,183,312,128,177,340,307,407,232,759,263,430,66,416,482,895,268,202,87,1299,431,523,321,705,2447,552,193,623,90,105,4778,3504,45,1274,217,4269,284,282,258,146,160,110,2228,159,653,265,162,135,477,167,501,129,2280,161,512,109,344,20954,123,228,508,212,459,150,591,259,640,75,510,3647,316,161,132,475,499,7835,214,425,348,120,1177,161,215,432,222,1690,493,779,7482,198,293,2712,125,860,333,165,103,737,154,121,890,279,627,234,226,106,148,213,195,286,1314,289,581,8794,435,96,404,1813,565,493,779,150,961,200,526,107,916,1517,185,105,99,315,175,190,894,310,4321,134,271,130,536,295,547,212,285,999,689,221,301,144,67,191,1462,677,602,226,145,126,162,5535,182,289,997,94,72,1297,420,95,925,868,221,776,58,264,167,397,1160,203,7407,135,394,236,189,158,139,95,577,226,250,2955,709,428,313,6994,126,151,127,131,783,359,117,231,2531,921,254,371,316,305,4597,212,608,262,286,494,184,248,255,1082,169,224,143,215,630,124,144,170,331,254,2196,230,126,433,197,1360,829,305,135,915,537,164,927,342,207,111,386,88,316,936,149,53,352,115,276,192,406,280,114,154,231,3150,282,125,197,158,112,1915,100,165,2959,77,527,144,633,260,153,640,187,3689,578,363,317,621,113,540,228,1196,18828,255,60,1691,161,839,329,981,225,274,330,1351,341,636,175,344,121,1317,719,186,155,6575,3862,60,760,47,123,14779,206,110,4374,126,576,381,313,95,379,125,7301,552,371,90,271,514,286,110,6063,255,849,131,1146,145,855,108,766,2316,121,102,115,125,216,992,393,126,571,798,3073,1195,9212,2918,239,317,257,152,204,2325,1712,187,377,493,861,597,320,1433,153,288,403,474,703,220,400,124,11070,425,451,127,234,370,516,245,1433,641,399,1196,763,945,823,213,190,430,187,86,1015,107,473,1285,333,102,279,1512,128,130,93,781,46,355,269,681,2343,293,231,298,568,159,1796,108,99,499,326,108,1415,180,316,561,568,601,100,135,174,270,278,1388,167,168,3789,117,1247,218,4336,272,498,767,49,704,109,361,93,138,250,112,148,583,112,118,158,460,113,1430,190,785,126,418,685,301,690,2438,82,333,287,566,94,245,51,256,247,321,251,150,400,1136,167,447,3743,160,777,1820,362,687,186,108,218,1205,1116,209,122,347,494,328,436,214,1555,200,406,625,200,116,247,147,76,143,77,317,321,270,4255,131,188,500,218,94,464,477,293,317,840,384,286,184,5868,145,439,273,933,109,287,633,1250,17396,581,365,392,253,151,125,195,1742,425,36,452,136,140,66,1229,221,223,383,1297,100,704,216,418,121,1218,237,284,71,195,971,887,153,124,3182,3538,438,279,88,903,1063,7174,306,209,1500,176,2524,326,222,377,410,652,129,1311,168,563,4023,44,200,158,94,177,111,941,163,347,4054,1116,2308,204,1631,16983,223,167,335,573,310,2703,266,306,928,1261,131,456,154,155,330,271,329,422,4472,155,266,3652,424,473,568,61,618,348,2895,287,920,906,653,255,397,1697,535,2263,143,211,167,291,1060,1092,212,348,828,155,1638,792,604,1013,130,102,327,1000,207,189,730,139,1451,1861,104,331,966,96,406,369,107,163,89,207,167,353,345,333,323,157,160,80,128,813,796,117,61,696,233,195,157,316,95,1946,221,204,158,155,558,2803,141,730,589,369,551,2698,227,71,231,294,675,189,150,62,2974,1238,1413,932,220,596,108,2940,625,439,142,2262,172,402,795,210,142,335,161,1123,308,201,426,66,3488,507,233,201,490,569,1136,259,85,95,90,349,78,560,204,799,138,1714,384,329,913,344,99,1040,241,43,990,128,97,370,488,1351,4014,192,718,503,326,2222,148,263,838,236,915,2780,96,735,245,148,129,1073,275,119,236,182,286,189,4130,440,91,91,235,74,74,118,388,798,4429,163,28416,93,811,709,204,478,142,60,56,701,278,431,340,1253,416,257,450,161,629,250,221,280,2603,163,1386,80,153,297,1582,4126,1255,858,1219,365,829,1516,255,971,235,466,146,583,1877,10425,795,266,787,644,96,712,82,311,976,215,137,479,671,313,89,7171,162,938,357,202,290,791,196,263,457,80
556,108,175,6493,179,160,121,241,201,642,617,850,522,112,230,172,149,588,9879,182,617,458,102,143,1134,374,311,236,161,218,121,6914,1020,388,428,178,2111,1220,1314,1002,204,1280,263,200,280,271,188,326,8701,81,479,2219,434,762,419,183,217,148,317,281,96,151,2692,265,207,65,213,374,77,537,209,3065,227,164,159,157,79,2732,132,610,487,128,222,154,7555,1808,176,234,608,539,472,116,193,285,87,2191,1608,625,1676,56,309,45,92,713,231,531,148,441,335,72,751,294,713,316,159,257,940,1502,263,409,186,1249,327,347,450,293,1346,1454,158,650,276,159,693,2890,6934,119,291,3177,169,126,295,157,377,63,66,627,293,141,95,338,153,49,336,314,179,845,208,1758,257,144,437,905,106,175,742,4253,223,313,1059,134,79,160,660,145,97,546,2581,105,275,129,2775,1890,571,241,159,766,604,113,2952,431,120,246,1547,161,150,267,207,354,88,412,338,179,418,205,473,243,290,125,66,199,356,379,365,558,557,303,142,107,438,2709,267,2289,1895,434,232,506,68,1045,753,455,206,377,193,182,1469,54,126,145,171,109,186,27,95,182,110,170,121,382,206,266,5867,308,321,357,86,1051,1941,385,946,228,303,88,265,434,360,105,326,497,312,594,217,151,183,117,182,260,232,150,335,193,425,614,2059,128,328,151,319,157,388,3549,335,139,684,943,183,567,53,531,151,120,1160,200,312,1524,169,161,254,871,572,239,101,191,172,129,118,118,92,534,375,191,154,213,598,245,1668,110,294,859,792,86,270,228,575,111,132,494,212,3224,430,1799,119,349,428,157,239,179,216,113,802,178,328,753,216,399,629,482,423,125,108,131,1171,496,130,117,430,202,1033,155,1920,1227,1318,951,254,454,118,150,1028,212,579,125,770,541,582,2225,556,205,168,760,346,1975,331,870,2186,149,168,898,157,1605,255,257,269,222,357,62,1144,261,370,5591,805,151,318,93,856,241,511,1599,131,151,145,4171,1213,111,262,124,284,322,1096,1076,82,310,135,64,61,185,247,267,161,177,85,214,99,269,273,1574,2283,232,510,326,237,64,259,595,3398,4146,191,103,73,2088,179,288,1822,108,179,557,156,87,1111,226,379,343,414,387,256,51,709,213,428,213,3753,138,199,808,100,227,81,269,535,140,128,113,147,317,2414,102,165,154,192,673,3184,199,214,963,300,723,201,373,673,352,127,533,212,754,202,240,125,201,220,970,545,359,274,143,426,171,266,410,192,5362,383,151,1439,210,1412,191,361,256,482,1157,225,468,73,288,2298,1464,264,216,1801,441,149,267,174,131,318,152,160,562,15779,215,873,293,1223,860,356,730,553,628,175,945,1656,299,167,3686,144,4902,229,1400,208,1063,1384,558,679,326,1608,3308,34,667,164,1580,163,321,2274,132,652,4384,438,601,396,254,380,458,1486,907,363,586,14092,226,537,265,168,408,182,197,111,123,264,74,445,472,5900,1189,310,123,293,744,138,154,362,425,292,1475,126,1661,19790,137,2782,189,168,316,1139,2506,466,1650,834,108,1530,536,233,210,1612,303,645,187,1594,225,233,243,176,282,4083,1297,798,2283,104,1103,654,162,672,1012,170,147,6815,432,129,760,163,88,72,107,249,127,76,99,92,995,368,271,166,193,287,842,168,2763,949,659,402,492,719,168,263,248,7176,198,147,58,88,466,523,479,4602,1289,101,227,271,118,122,1195,211,127,235,571,557,118,2644,112,1550,149,186,432,288,234,895,359,961,171,961,105,384,4154,345,503,819,125,342,202,388,140,67,304,3119,70,2820,1078,230,266,627,13015,964,790,257,566,361,74499,245,121,96,146,203,229,58,1099,135,417,295,514,508,245,623,552,1964,278,1418,695,453,212,690,586,229,1951,104,536,210,106,275,107,153,279,198,1021,172,226,716,456,62,178,809,2218,4648,357,732,353,325,101,803,160,2576,320,140,928,6365,148,329,492,241,569,317,177,1138,323,181,135,71,316,677,207,178,421,12028,210,299,130,2464,267,488,786,230,820,185,511,94,182,5527,765,6072,4212,2420,430,1198,161,90,792,192,318,171,128,188,284,197,570,268,1958,134,669,2457,1372,399,2537,2542,462,678,157,268,200,190,188,130,299,287,1486,84,272,1699,249,180,105,731,834
11381,667,448,2158,86,642,154,154,56,830,1857,144,764,75,735,136,138,181,641,515,273,410,659,504,166,703,2476,2515,685,975,210,107,131,137,589,559,330,766,328,87,234,136,1929,280,870,145,145,798,696,1454,1890,2987,94,318,200,3336,240,272,531,635,152,212,1982,345,806,108,455,327,176,8535,85,198,378,1168,272,606,210,82,260,119,232,5721,224,232,147,109,231,764,1127,57,146,1073,102,141,138,406,83,70,513,237,97,571,281,278,3742,866,4264,482,128,382,738,1143,1590,1005,350,239,862,6438,519,263,1373,280,121,3370,221,672,52,414,199,527,145,8744,1085,448,579,174,557,519,222,234,602,190,986,528,7069,702,463,1240,265,81,190,170,138,786,2543,268,85,220,169,211,259,1389,371,225,609,196,445,354,96,3073,522,1612,3123,278,164,66,4252,83,234,146,70,777,157,125,241,2833,291,8153,412,140,631,405,501,121,172,252,1351,224,344,658,439,158,81,839,125,96,9739,147,832,678,173,250,189,2234,59,1288,216,279,14812,756,852,118,222,1407,224,2858,300,606,3088,849,287,178,20760,290,2559,117,329,193,302,192,86,149,689,87,153,434,566,1275,1843,407,1077,3396,930,1341,158,128,176,1021,271,424,84,658,190,157,503,3884,1455,639,474,415,473,298,634,223,234,154,2323,152,235,1110,1250,74,119,198,187,7949,247,167,110,502,294,813,291,1351,109,344,3296,937,203,224,136,259,98,211,265,167,309,198,479,363,186,1631,299,1191,1408,107,677,1858,205,303,2368,124,1062,722,2211,524,333,237,173,124,138,187,544,167,459,110,493,146,243,671,284,142,152,133,339,521,275,263,216,67,382,1374,92,747,1114,602,171,528,355,3397,1796,63,2051,211,184,121,101,145,255,370,210,194,343,610,2358,121,153,423,95,1281,209,129,4135,268,325,61,248,272,391,160,213,512,3112,445,876,685,1312,898,270,208,112,934,151,1341,1608,112,603,668,75,84,6729,1156,204,1404,894,804,75,82,175,294,781,793,1391,457,106,1582,2725,2080,136,105,68,6866,103,344,2219,802,1371,3911,369,1428,244,108,611,559,244,132,105,161,85,1248,3764,141,194,3327,204,5122,196,487,319,335,115,245,333,3932,249,101,434,480,362,169,1822,391,183,282,83,67,176,266,171,236,325,1675,93,100,457,509,159,261,3314,59,99,198,355,511,978,4025,194,207,1065,107,509,322,127,92,100,73,142,172,88,312,295,211,97,106,72,3888,156,2686,984,295,150,74,236,173,700,272,68,193,2737,125,4213,166,125,277,25197,1010,160,105,105,100,810,241,4186,253,331,255,189,134,181,149,184,434,4337,1036,437,1590,249,385,1014,194,70,426,104,289,273,90,141,285,1230,509,75,224,827,702,1345,1173,123,145,121,196,293,633,81,245,885,1280,458,746,177,120,606,883,2259,686,305,113,254,167,12515,68,274,916,457,510,321,230,333,180,94,109,199,154,735,105,4116,164,175,562,209,188,2001,327,61,4761,77,290,793,92,277,753,106,1571,112,1936,1634,315,442,473,1675,486,406,94,496,259,144,74,216,153,279,194,1008,322,661,301,460,961,216,5522,164,411,748,77,3822,103,467,2490,2986,2366,152,257,412,493,231,2823,348,1900,87,122,146,55,711,92,71,334,1862,353,129,164,162,307,251,377,455,378,203,604,3533,265,827,1024,978,737,328,250,341,1860,106,3450,829,838,2566,529,317,318,98,862,503,332,322,880,178,420,257,18053,224,208,352,220,106,228,6582,68,197,260,129,723,97,582,2340,556,168,378,687,163,64,176,217,1937,114,963,133,8337,147,230,615,191,344,276,1509,446,319,468,292,268,100,401,221,653,728,304,509,517,5454,310,120,603,174,347,4423,1437,332,988,372,716,98,806,979,297,214,455,1448,1372,421,523,118,248,200,261,505,186,81,4053,269,235,1207,234,122,508,169,250,101,242,409,1520,71,134,117,165,348,196,276,232,281,386,292,3363,84,157,2320,67,568,266,120,204,640,529,92,85,273,537,280,3281,303,366,216,109,1791,602,2455,192,287,80,142,98,234,750,263,168,161,198,499,2339,95,336,2592,79,3306,507,365,1047,1409,509,611,1474,313,688,770,443,1881,104,4424,575,95,177,148,313,2763,238,199,563,978,668,412,238,283,213
185,235,269,304,1788,461,112,874,150,1517,114,85,638,122,205,183,117,2292,155,209,750,218,818,300,692,1571,692,400,311,194,604,153,193,16834,222,192,74,205,195,125,366,3798,824,266,4360,1113,75,78,875,1407,107,1072,108,173,209,247,78,260,297,482,295,69,3045,78,455,268,397,862,123,614,424,131,8977,540,685,368,987,63,252,3836,161,421,109,1047,64,91,645,533,1579,123,181,8238,4318,8775,1614,260,114,419,110,236,71,1370,919,106,161,1910,201,240,482,695,511,193,791,132,185,1078,73,1668,180,552,229,752,563,232,183,249,175,124,191,109,245,5735,91,296,183,112,277,411,123,1049,56,312,677,822,498,408,489,121,219,757,346,259,730,136,67,301,82,543,429,687,538,348,86,178,337,875,627,343,4746,370,426,103,195,144,162,113,511,1261,162,197,124,79,8173,272,807,156,693,478,101,151,133,400,179,225,235,890,55,98,160,138,372,106,655,94,584,3513,916,881,69,603,162,500,418,131,294,375,368,211,815,109,120,59,140,618,240,535,195,288,743,104,1337,249,119,306,170,159,241,172,131,3247,25,165,530,686,302,175,1121,468,143,161,145,55,906,191,345,1049,252,350,3524,547,413,100,2078,173,701,137,1204,982,29389,842,146,432,64,6517,117,222,228,492,375,843,133,176,2532,144,470,294,6104,1591,233,253,730,256,133,321,4369,75,1472,2936,279,222,444,230,145,550,312,279,120,3109,2535,417,175,458,154,422,246,200,166,273,119,1775,2720,158,286,1051,459,185,780,92,124,132,143,499,122,263,166,272,1260,340,3260,3876,335,217,435,402,193,1111,340,136,88,226,166,176,97,1140,249,144,301,7516,287,131,572,1669,846,304,83,233,5441,76,113,366,128,172,3525,430,102,300,393,1578,119,726,63,87,581,125,142,375,47,181,983,861,773,223,246,186,182,202,161,269,816,325,521,500,420,356,713,103,334,991,1907,579,2410,601,269,1352,5054,2250,5106,214,455,277,19502,11073,504,294,155,344,724,327,176,110,119,465,302,390,931,111,1686,218,205,183,83,99,117,184,794,250,143,319,498,270,566,238,425,404,116,1604,1240,144,195,78,1198,136,107,568,268,428,416,330,222,278,568,162,1170,131,504,105,805,266,723,208,5359,156,354,177,184,562,354,319,541,182,2745,200,326,143,157,158,386,488,568,297,217,444,177,280,83,75,209,341,126,150,378,558,331,236,1293,1069,412,218,252,233,355,990,3700,1468,92,121,123,120,255,929,656,657,188,714,356,337,851,147,37,1405,625,1152,128,127,1590,200,503,5154,3650,242,405,398,3955,219,354,99,196,273,313,126,1444,12009,2512,4191,2387,520,344,320,27528,486,116,1327,242,242,153,1871,63,518,91,512,855,193,253,196,1209,103,1707,149,145,2150,182,245,310,406,340,143,181,490,179,392,755,221,143,927,282,315,1253,620,652,175,275,645,136,120,817,131,307,4372,566,173,547,170,109,725,167,119,450,13538,102,297,167,179,409,645,4744,120,446,461,747,325,106,119,314,546,114,509,195,714,220,117,87,235,385,257,607,1875,420,105,109,519,65,770,650,187,401,167,241,502,692,91,239,305,97,329,2665,668,596,733,220,290,70,834,238,712,118,721,193,742,6498,778,822,209,429,489,1362,191,304,807,160,203,156,206,517,378,104,260,163,149,699,303,289,90,2968,649,158,116,907,156,848,180,125,317,154,218,174,128,190,2148,202,360,614,165,218,2522,2173,110,442,835,277,409,179,774,141,1429,96,129,640,54,392,540,208,1082,175,98,187,292,425,246,95,300,479,122,926,402,177,70,265,120,179,170,208,93,327,516,306,7178,80,104,280,314,863,75,212,379,230,136,81,1230,168,182,1946,1443,240,330,198,3062,4288,234,256,383,309,2118,354,128,227,183,132,144,140,200,2488,2298,305,406,512,22533,88,183,394,2192,97,176,541,551,509,122,629,139,456,968,833,406,1348,168,2088,277,164,203,150,128,591,152,204,1443,151,927,61,617,587,237,126,112,1358,156,39,343,72,254,165,239,300,138,599,150,63,214,616,206,572,167,325,2035,152,164,82,562,125,204,754,455,136,247,814,47,274,6040,54,1235,240,125,856,388,195,140,304,382
314,256,745,599,1182,288,1178,265,1537,585,121,184,156,330,1064,142,387,18019,540,420,204,2102,188,68,163,1206,1454,167,209,130,242,386,263,434,827,116,344,963,1861,280,128,105,423,1627,95,158,1090,8552,753,217,126,598,82,168,240,105,735,175,1524,239,275,127,188,3813,200,513,1630,80,190,83,463,7384,102,627,525,152,192,175,1284,93,120,964,441,457,2206,196,756,683,346,1836,350,409,136,492,3771,22310,477,180,191,322,112,268,3843,300,167,350,152,99,1169,266,53,884,8295,149,846,231,66,146,114,294,148,313,351,367,244,877,153,864,542,292,93,378,164,1051,267,449,189,180,507,152,504,127,888,400,92,150,511,413,1372,481,355,98,1459,344,519,142,191,98,1422,491,155,281,111,150,186,398,54,384,1003,239,149,347,179,154,17589,175,3031,87,515,433,143,249,548,228,143,143,343,27310,143,1950,120,351,136,427,1349,254,119,132,159,1274,11445,1038,165,418,1584,3732,222,278,74,212,6533,403,641,173,704,106,816,176,541,87,1731,182,114,209,13639,113,995,313,264,179,103,133,255,997,68,184,1248,97,421,224,475,385,469,2446,138,161,6135,26,191,273,92,189,704,814,608,241,235,434,149,3906,267,131,455,214,311,111,186,2405,153,90,403,163,3211,779,1713,367,333,27,689,449,214,501,707,249,238,2122,149,185,105,1427,251,175,578,104,181,558,1357,300,1830,734,146,109,2069,142,427,1316,116,973,167,678,535,228,561,176,213,286,413,756,693,1565,131,593,217,199,310,296,391,2539,7019,832,569,281,831,961,266,1008,154,606,250,88,100,145,1308,329,81,328,273,100,592,1291,2408,344,147,639,288,7382,214,119,184,1252,2357,154,99,291,2739,274,168,613,158,327,1996,304,1636,380,252,166,210,161,242,548,53,3327,105,268,249,523,145,845,391,474,387,1249,323,1327,318,120,1119,361,976,98,500,197,506,181,115,151,241,1398,289,6942,428,443,191,171,228,337,563,6617,607,2877,445,39,177,1347,6838,187,242,158,97,163,261,168,762,227,89,196,326,641,255,827,859,10024,4740,346,168,111,60,138,187,230,548,2569,142,223,351,1085,136,111,8456,4468,687,178,3296,8900,93,245,415,221,17339,670,95,105,132,114,654,179,383,153,235,470,1274,179,206,724,56,15159,791,431,442,2058,1852,364,1094,705,109,382,735,170,198,1194,290,508,186,385,252,592,178,3221,146,546,500,411,294,1179,1104,1765,758,289,616,765,139,840,294,90,272,3768,131,158,773,232,359,224,145,147,78,89,342,252,176,596,293,778,117,267,648,618,448,69,989,873,297,3821,133,1541,148,134,766,323,108,128,630,108,158,175,1396,1874,774,526,162,1306,1112,2745,240,407,684,171,280,331,126,250,1203,468,569,156,605,64,893,785,206,301,479,160,126,122,271,218,2302,1282,939,166,107,205,661,1349,243,142,1149,556,311,77,240,79,4701,2178,539,172,397,987,15875,209,125,279,88,457,2745,1131,4524,214,250,1747,105,421,305,352,1142,115,196,1499,120,1038,199,159,220,159,342,2113,2373,313,1364,194,110,647,559,1131,2476,375,144,563,1515,4850,726,611,331,147,360,165,205,490,318,129,496,199,410,655,612,145,266,81,1044,659,95,584,204,307,1161,1145,1330,858,4246,88,117,1851,508,192,121,353,821,153,120,192,195,337,90,696,1036,476,240,637,252,766,444,169,19755,9928,465,114,568,145,91,253,1052,146,121,212,523,710,3133,1396,70,255,2418,102,1064,137,1072,4228,200,112,133,310,754,140,183,163,158,134,330,482,442,96,710,147,322,86,1022,553,536,1020,159,664,591,330,170,277,257,598,274,786,95,316,71,854,117,282,682,271,165,180,190,152,93,263,1261,459,81,1551,148,359,522,204,87,680,151,70,1070,151,483,548,70,793,860,92,64,341,67,144,251,69,1534,421,184,298,1347,271,236,158,1789,179,231,171,1129,112,356,277,606,153,193,101,309,305,211,55,296,273,100,696,5306,117,186,86,310,363,264,353,213,363,479,56,211,383,335,5834,1622,89,279,134,2201,166,254,445,293,288,345,1324,749,1003,133,502,118,206,374,312,201,1145,2932,526,90,2438,684,145,2719,340,3253,106,196,1151,420,282,145,802,360,641,459,331,1228,136
246,90,475,485,180,233,247,2779,1556,361,236,405,99,1318,389,119,319,78,131,164,2288,146,118,210,277,37,142,238,230,887,449,261,114,409,86,666,376,627,1411,163,362,360,1219,282,1031,115,125,840,806,80,339,106,147,996,475,4144,2466,236,859,362,610,545,118,168,164,280,155,320,648,557,127,111,235,613,474,168,869,265,127,293,1297,56,195,9982,142,308,339,632,225,210,633,106,227,145,308,187,394,209,143,621,550,147,230,6086,663,170,82,385,395,98,250,110,269,5682,638,205,127,396,171,673,70,141,79,527,223,282,63,153,627,604,602,259,1464,163,136,564,166,35,91,268,107,169,1292,740,748,366,483,1140,642,1667,124,144,239,862,1836,475,947,463,72,403,109,413,101,248,40,826,620,2924,252,1964,123,222,852,92,241,108,677,186,274,318,94,245,492,630,2185,183,85,14433,535,1608,198,188,805,946,1984,628,175,2836,303,231,6374,383,399,99,344,204,210,89,104,124,627,175,1190,4118,4394,105,1346,185,116,1661,181,497,172,2833,132,115,5836,269,280,333,449,55,1646,168,420,393,977,243,466,203,183,961,402,175,243,132,665,135,268,771,739,99,305,258,140,100,1037,288,82,254,98,131,146,160,286,247,109,245,712,274,144,46,224,3197,201,1143,120,2700,325,306,438,469,1065,153,326,155,212,308,205,145,3756,502,163,417,677,116,214,3793,736,721,358,70,178,125,319,1482,555,167,137,705,1751,123,236,392,480,84,508,773,1049,1372,266,551,108,197,188,231,619,2096,529,75,172,3060,350,122,124,893,40,157,170,812,98,153,202,427,1245,324,427,893,46,148,828,640,632,145,443,394,182,4394,379,111,197,278,1189,823,333,161,205,516,601,107,1619,2013,154,118,324,137,575,280,1212,223,367,278,138,122,281,176,111,1760,84,140,441,521,6332,343,244,4139,215,145,984,1185,159,545,1199,74,87,210,472,137,419,74,295,60,1470,10368,354,7328,39,387,736,277,420,182,1265,186,137,265,900,117,215,88,927,296,358,1566,187,84,271,1510,261,80,237,536,430,173,2395,157,187,208,182,209,113,539,1145,390,605,264,173,84,1777,141,127,652,619,172,322,3192,161,385,369,290,344,1136,102,104,364,459,120,160,462,222,238,512,55,317,454,637,407,208,370,7163,398,157,263,433,306,88,701,887,261,146,150,1369,384,144,581,360,110,269,1345,337,161,392,388,181,333,1679,205,80,251,114,277,3737,109,1191,397,1595,660,1895,85,99,1019,269,439,865,196,123,516,664,341,104,652,242,71,178,2221,175,14955,405,4529,226,194,460,72,155,689,293,2491,239,1323,162,98,103,400,238,1242,95,176,174,1578,775,193,242,262,500,222,212,3318,10272,316,232,206,155,119,256,132,218,130,66,489,775,145,93,793,118,189,36,179,169,352,1765,189,260,772,494,270,618,1643,945,207,553,363,1038,260,1162,1471,18250,584,68,131,52,309,511,501,75,247,264,28169,696,3609,469,52,2650,289,304,2116,293,410,68,322,578,463,4706,344,247,161,284,220,96,125,256,1605,91,187,154,4452,267,456,231,262,1552,103,281,188,113,168,270,365,123,65,398,306,2627,225,333,120,1557,136,590,892,1196,1072,151,165,98,153,549,269,294,125,6958,141,182,524,155,1831,167,373,122,184,591,259,1747,1210,124,826,169,1320,777,766,171,494,428,233,122,435,979,290,119,755,709,105,391,167,139,114,806,891,194,170,1226,236,1072,666,147,795,1625,312,232,147,160,607,135,1501,279,219,1201,1181,157,1600,273,697,77,222,234,1018,201,276,420,184,154,764,99,211,93,386,285,238,167,95,782,408,6490,1226,302,264,200,98,68,1172,131,112,179,95,259,203,316,1762,96,785,150,1381,124,43,540,170,1204,329,803,6707,285,1372,716,275,317,49,1927,4413,290,630,800,936,159,1171,1204,153,1164,110,130,175,267,1126,186,1387,3676,528,318,516,150,902,652,819,2869,185,377,324,806,1763,409,130,450,120,175,70,108,187,228,824,146,129,810,419,62,492,154,351,104,693,529,823,106,62,146,175,368,705,945,126,1672,101,895,738,924,112,132,429,165,89,3114,539,184,3605,381,242,768,602,259,307,382,544,1145,507,276,312,414,99,126
642,57,269,193,2259,215,213,746,212,224,190,579,207,301,119,142,1650,231,60,236,80,143,172,309,112,135,405,2076,4502,305,397,53,272,71,157,86,302,1022,148,1688,167,305,621,315,2361,486,283,1638,219,427,122,327,161,200,96,660,106,6245,212,98,394,745,575,174,13072,103,425,305,823,162,64,289,2720,211,115,498,175,291,370,144,42,63,203,37,1296,229,43,5205,277,97,242,318,736,92,434,567,265,121,305,2781,201,216,98,72,440,251,288,2844,304,446,145,1918,284,449,178,226,941,309,302,574,874,3432,2111,543,80,305,163,663,133,1812,685,362,304,288,413,656,683,621,1188,158,156,1370,2408,1078,988,56,133,690,96,148,537,245,117,270,286,429,364,129,2087,111,590,62,344,265,202,591,261,4226,95,208,82,227,723,608,219,224,2421,254,232,298,234,235,645,246,364,587,223,256,547,229,205,259,6108,783,415,249,224,2325,633,58,92,167,134,211,191,104,113,186,1164,890,353,1946,1862,118,1274,460,2625,64,148,795,4378,107,1138,208,530,710,798,701,787,101,1495,257,600,891,287,195,166,1848,1113,503,241,373,171,857,192,182,275,573,652,221,513,559,324,147,2761,222,193,719,140,303,123,159,151,125,93,771,249,182,15435,188,157,327,108,775,147,273,503,151,262,624,5768,953,206,271,128,94,62,3523,69,192,181,153,2736,395,3188,883,217,1146,118,145,91,167,2581,542,524,103,299,165,115,216,510,231,161,90,115,191,1124,1038,165,682,711,1232,68,2106,1677,448,2495,79,60,294,347,163,3534,5307,349,59,112,323,333,88,191,402,131,5034,109,1061,2177,214,646,2734,117,1859,967,1428,385,1848,283,740,193,191,669,625,266,752,153,193,1030,247,691,151,417,428,125,2612,298,839,77,311,955,168,1182,1905,278,512,75,128,1183,153,222,1116,148,495,336,189,168,262,163,230,445,1171,1372,256,172,258,1254,282,1528,150,55,171,204,301,287,132,220,165,534,91,224,217,156,281,251,1022,2699,1170,424,676,187,241,167,572,598,499,189,127,1847,809,381,146,145,131,274,208,110,988,347,196,44,1242,120,6207,4204,191,100,156,193,455,3181,269,790,713,212,138,858,380,343,391,639,1267,2796,163,391,255,274,93,289,167,122,48,222,622,219,364,75,1751,182,822,216,198,797,522,78,355,122,163,1155,196,11619,73,270,2901,470,197,488,739,620,275,88,4581,82,973,1598,2848,260,128,519,89,856,1984,843,379,293,298,553,111,899,1560,873,255,229,1943,249,99,126,522,129,796,261,722,516,266,485,176,835,156,238,1484,155,160,1004,958,250,612,515,745,232,191,3582,2409,170,274,571,106,654,181,392,77,363,244,197,333,76,988,22725,259,938,264,547,277,181,51,205,1285,224,1162,273,4895,710,222,247,169,1038,250,74,685,110,103,89,3971,524,631,135,1477,834,80,3021,439,292,148,234,355,69,809,90,73,97,85,296,135,178,101,87,135,566,305,158,210,286,830,392,374,440,5502,102,88,103,687,869,294,156,946,1063,229,200,241,185,924,164,2508,225,935,98,414,190,1974,127,500,465,58,894,136,347,344,704,228,2040,140,1584,525,582,182,897,327,280,6107,1714,393,944,216,456,697,123,334,312,170,149,915,623,496,136,340,147,144,97,166,252,963,159,951,73,172,2109,218,294,217,91,194,83,514,654,100,103,129,931,317,198,139,520,162,166,951,452,411,714,273,107,110,236,209,3024,5480,921,330,324,342,543,239,285,2643,299,656,39,378,4918,249,148,2949,135,403,305,144,301,250,203,2308,3616,258,184,689,119,375,152,184,134,183,1431,337,207,279,107,166,158,307,1971,354,103,162,123,1656,196,167,728,1816,522,352,285,1005,330,294,282,243,190,199,90,744,91,92,140,285,218,289,251,142,149,7028,101,413,104,353,249,347,535,6159,157,142,195,4691,186,137,239,245,175,502,127,1183,145,678,104,283,619,204,65,136,1512,260,112,182,854,284,3034,116,775,381,183,174,504,171,253,412,1480,115,1475,4234,248,907,228,89,215,421,14027,823,608,492,75,542,1046,441,4068,1310,176,78,170,194,983,238,909,276,424,271,262,110,407,257,1309,358,295,152,192,118,2312,250,167,126,80,365
3073,164,408,283,1294,85,142,195,321,172,1867,167,240,5968,1487,116,175,262,2633,216,171,1208,579,175,2427,333,1104,297,2713,217,295,413,376,217,1639,330,241,168,1183,435,528,500,124,305,190,161,498,240,88,2849,175,108,568,286,242,140,477,276,253,1500,201,638,192,1164,347,119,1464,244,658,320,1206,228,79,113,1369,110,129,211,2050,701,241,1702,162,320,3216,138,950,408,737,5255,141,191,204,142,453,669,214,543,201,267,305,560,1695,1882,723,615,322,170,316,490,479,80,242,457,267,702,222,109,102,5003,196,2292,136,134,1452,612,1075,150,538,571,369,64,728,137,241,319,705,1446,145,253,827,154,144,444,243,388,521,275,150,192,402,514,311,338,216,162,396,255,307,116,412,95,1164,438,135,112,1280,136,273,167,336,98,7404,460,437,232,96,114,141,577,168,176,322,4318,915,356,32570,829,198,333,1087,222,552,212,477,456,157,207,327,330,185,174,591,455,407,100,1300,140,333,389,535,72,87,221,432,97,177,515,181,66,807,95,129,355,357,299,426,223,346,344,102,187,191,191,1760,780,572,442,473,3750,237,296,110,314,6402,101,137,1227,765,219,190,624,560,277,320,557,149,268,46,1250,246,141,825,483,318,140,166,1748,369,266,688,360,227,723,173,1143,149,1221,296,411,734,237,327,187,494,69,803,3091,89,173,108,1476,322,825,196,186,681,172,682,109,1248,435,195,2499,276,643,1416,719,240,1576,1156,1271,985,612,427,598,141,194,2337,4780,320,300,714,1391,313,377,804,108,326,91,361,868,209,559,92,57,594,459,117,167,2082,181,209,71,883,2778,633,232,221,100,327,173,269,179,121,218,84,118,96,218,75,43,3297,138,236,307,255,195,497,429,10963,217,174,704,622,1758,1187,253,144,284,132,315,143,178,109,200,401,569,2832,275,152,202,172,10189,85,302,534,122,1350,100,729,445,697,741,495,261,222,234,146,448,330,133,176,333,769,168,4232,133,1870,205,176,537,167,139,321,305,357,137,559,734,281,594,711,97,1346,315,579,129,673,189,566,1165,371,270,1773,329,699,10370,206,281,126,204,399,401,68,228,628,292,148,771,359,318,209,87,497,82,100,223,95,180,178,597,61,502,327,898,248,194,336,469,3570,14303,580,715,76,256,79,180,283,357,3098,330,304,159,261,222,1915,96,304,162,2294,1088,115,90,792,179,1576,535,1711,142,489,128,1011,1828,115,180,300,626,510,2886,124,2077,144,611,118,232,385,193,855,646,303,305,136,256,177,294,201,431,831,859,1796,87,268,666,1546,99,697,279,107,2209,276,543,362,366,183,708,1693,895,73,371,160,99,576,1582,1692,279,329,1593,802,87,525,102,371,564,744,547,180,170,136,1444,628,297,3524,3952,173,60,434,881,202,201,1541,296,219,755,486,144,271,286,148,104,186,328,1058,239,860,261,493,684,826,347,1115,1374,1837,541,120,139,584,818,363,485,807,1199,423,370,425,742,317,543,746,219,159,310,181,462,124,1001,330,1265,456,210,1527,356,848,356,131,1964,105,1327,59,208,411,389,905,412,380,148,66,236,1520,142,228,76,3452,513,278,290,259,376,162,1532,458,598,620,155,64,182,229,1049,44580,797,299,3074,141,866,469,158,124,151,122,333,317,2936,802,177,271,704,522,237,482,262,260,503,2678,1603,796,984,94,3402,103,305,104,98,322,284,188,201,784,217,119,141,106,287,238,893,208,142,358,91,137,144,75,137,1293,372,424,186,241,167,366,131,257,457,223,177,381,15967,167,792,111,630,531,247,147,645,128,1200,106,1227,605,1105,469,111,232,597,133,241,111,166,541,578,107,150,242,143,287,240,636,345,3650,98,152,102,144,734,77,154,120,242,219,1057,132,266,172,1701,4042,967,1328,451,730,634,580,164,291,658,2151,154,626,1570,139,701,120,120,145,394,322,366,434,72,1178,185,180,209,1213,1495,2116,558,205,525,1300,146,640,82,1673,1365,759,265,406,103,83,303,604,121,274,460,248,339,365,133,5298,1653,81,272,901,1246,112,605,170,130,441,1014,140,157,191,1497,545,492,693,573,200,622,554,280,201,1289,235,165,503,190,150,271,475,440,1502,125,83,209,450,593,78,568,109,127,1085,120,246,2721
200,121,345,422,585,530,809,207,183,123,195,699,806,101,642,76,465,1041,24958,221,259,61,804,703,863,558,145,332,2011,224,175,9909,106,238,2509,206,62,163,449,571,363,192,187,142,251,295,206,984,199,486,5744,731,124,168,155,376,266,414,108,116,304,2929,220,311,123,1948,656,90,779,995,220,186,91,223,2277,232,347,451,610,78,271,174,938,465,166,324,184,141,1358,1115,154,886,108,417,607,140,611,716,333,645,404,476,387,112,154,105,479,271,242,1656,277,84,130,67,98,1356,2161,274,175,1344,545,127,1387,133,506,583,170,95,231,167,1686,87,1175,146,138,124,687,928,362,4077,215,9718,755,200,161,309,129,370,83,97,149,429,1407,1164,237,462,172,820,557,110,123,706,297,336,1253,165,440,199,483,272,102,233,201,155,85,174,977,264,491,3909,1110,589,240,84,227,396,474,56,955,396,443,222,487,916,200,246,2265,424,358,336,311,17156,443,892,575,114,1918,248,283,504,368,302,1996,1041,1900,364,420,60,124,149,114,173,314,280,338,11442,167,441,2615,340,84,79,83,1014,259,8297,183,151,100,531,59,2405,73,987,243,25581,108,1218,525,124,1035,399,163,1197,553,257,845,147,410,142,274,507,165,631,462,162,984,73,87,71,142,55,61,1686,2786,582,154,1081,1585,249,278,168,7629,241,1405,87,124,193,113,172,2516,1037,171,782,773,335,1223,247,181,123,2698,340,199,300,212,200,1702,4931,136,162,267,312,195,324,475,195,1615,544,144,557,78,1118,780,104,210,176,735,197,568,184,411,1739,185,871,598,42,391,217,1268,318,544,930,332,3645,4861,231,248,257,192,307,121,113,2037,118,281,712,9341,1030,1647,86,806,123,461,3274,275,606,1005,122,1445,1202,40,176,161,291,1041,723,100,77,427,354,158,187,602,2658,1343,109,676,290,141,283,165,224,245,141,79,125,204,7063,154,1926,1108,585,545,366,820,371,122,83,38,165,2334,659,1224,428,1991,1621,1763,1887,2050,560,296,771,66,550,369,387,114,692,211,577,241,648,323,714,1927,1368,230,788,159,191,750,522,165,275,216,180,167,81,72,529,207,488,162,184,224,183,936,707,651,222,466,127,492,142,109,415,131,1105,151,110,515,163,226,399,293,64,141,115,692,3838,88,226,237,314,167,233,129,259,901,82,156,221,420,131,1224,224,2288,65,624,112,315,749,336,1762,1104,212,171,208,245,232,405,572,3354,1990,178,219,829,318,81,595,2293,400,649,1777,128,219,261,1294,5487,762,77,853,404,5310,640,129,64,1225,302,185,163,613,101,309,64,184,370,400,295,299,2727,391,322,235,1210,148,523,1749,5079,3497,737,643,627,3690,218,155,1111,121,228,217,2317,399,209,117,303,1207,176,2228,334,363,381,625,105,282,603,292,494,141,71,401,170,297,338,513,589,130,348,355,64,1662,294,222,284,496,242,339,11974,416,123,435,207,594,627,258,44,304,100,137,114,327,65,425,304,1081,1110,259,373,165,393,64,1104,185,284,162,598,67,555,145,282,1040,149,360,167,80140,194,379,180,334,136,771,1373,553,369,166,156,207,232,2122,7083,240,321,406,4224,406,113,201,982,186,1077,314,178,664,86,432,883,559,1165,98,220,284,862,1191,4765,692,787,320,8479,281,1728,735,128,82,1138,631,616,418,65,176,163,298,1173,202,240,86,1197,598,83,632,139,477,424,148,196,156,643,124,467,313,153,1191,200,1198,116,3094,226,690,189,795,3238,546,4716,153,402,1101,1888,302,1273,525,106,3244,161,107,131,277,124,103,158,95,225,378,126,126,982,325,170,5544,221,315,671,123,79,483,2960,720,441,278,3192,238,177,138,280,234,564,194,550,610,100,363,548,546,297,943,1488,479,149,235,303,149,324,248,928,142,210,218,143,6004,296,202,203,184,2067,246,34,110,268,79,133,214,328,1784,464,151,106,617,368,168,843,636,772,521,319,1384,95,212,81,214,1346,142,263,639,358,1122,231,1317,176,1079,227,231,626,505,275,156,223,3128,98,134,147,2867,95,82,90,254,247,1345,365,240,4163,367,252,821,93,646,179,210,162,514,184,285,3262,253,20328,247,66,118,86,197,192,808,1071,257,744,399,1278,4394,1381,2939,247,201,2174,318,409,1802,141,390,277,104
64,172,289,4740,240,275,167,1383,952,1287,356,363,388,685,129,108,340,179,285,224,107,182,167,175,989,183,2106,568,954,57,302,325,137,203,606,298,271,384,526,689,291,641,189,543,64,249,261,115,533,324,187,799,962,239,201,75,821,97,160,483,5014,1447,187,96,105,226,1473,160,276,132,151,512,481,276,342,226,376,770,291,173,1145,165,1247,239,490,329,462,188,590,373,140,675,235,514,81,238,887,1462,271,99,113,567,447,93,77,255,461,126,1465,137,695,58,142,147,3405,248,255,134,200,182,341,38,332,115,744,144,359,221,116,335,122,462,1461,143,92,1636,1849,971,161,1262,4575,373,1621,675,190,508,824,599,3033,567,184,118,194,233,3459,219,140,183,281,64,71,215,480,7910,145,1215,582,1484,197,5252,681,284,48,123,447,711,275,90,586,1123,181,185,146,99,328,268,3393,346,180,3075,754,2333,3519,199,4265,224,2717,149,196,226,134,469,192,670,11299,170,388,299,106,239,776,89,986,172,1556,357,172,244,300,205,119,1920,2593,1240,859,110,263,565,92,433,882,242,74,388,111,173,710,65,760,909,147,252,89,463,86,671,393,312,609,13044,73,3483,168,79,255,499,127,1075,177,121,1711,212,280,700,427,301,214,102,361,109,126,209,401,1867,519,1694,188,647,140,600,936,184,653,192,267,314,545,792,388,280,284,3091,124,77,345,452,569,173,256,447,53,1681,106,160,293,3412,112,527,112,482,204,874,216,200,2485,590,1750,1360,199,299,152,171,120,1324,171,1031,977,432,2169,100,279,68,335,2416,679,292,343,708,332,217,101,811,4087,114,432,81,872,408,226,54,802,947,1106,137,151,501,497,97,439,1799,115,874,209,7094,1627,147,1751,655,193,179,1602,1014,2059,1235,2738,122,272,372,240,441,66,222,1933,357,139,582,72,533,185,380,444,213,255,363,1251,164,200,244,146,97,162,919,124,91,2213,462,212,1914,1517,119,66,1021,288,269,273,3802,579,687,217,51,243,3320,553,133,180,259,579,289,1035,2254,628,312,211,490,281,862,252,201,635,105,305,2144,81,72,752,392,151,255,831,331,824,636,186,190,509,2274,117,207,86,386,415,2723,432,322,186,320,566,713,175,248,111,1014,193,145,82,148,1204,347,133,146,138,998,174,268,347,13423,654,201,982,195,72,670,238,196,246,1333,574,674,228,1807,2210,1004,169,125,328,3684,67,62,78,203,94,410,316,595,142,286,235,112,216,209,16112,4680,1202,468,88,219,129,214,341,131,413,260,238,154,300,601,140,94,2131,168,196,105,1235,236,1184,128,368,90,147,272,757,631,8184,2928,438,125,482,218,266,319,510,341,134,159,1387,156,2681,200,863,584,456,122,86,66,339,548,533,908,290,281,189,155,594,169,141,285,239,3958,119,470,241,108,177,379,1562,84,107,113,490,516,81,339,787,142,154,166,106,6529,102,579,269,143,832,146,143,114,1757,108,32,516,93,242,152,67,355,590,292,6511,209,227,119,355,128,105,827,2986,646,1250,206,71,167,576,212,199,615,162,200,269,668,200,252,379,59,246,386,168,1201,214,482,182,223,923,246,1051,108,707,1274,2081,329,828,280,216,625,233,9951,275,380,430,85,241,237,1263,297,733,280,236,687,119,324,575,370,1156,528,275,188,445,1007,225,741,279,110,267,58,165,1041,307,89,184,2379,283,1029,108,881,671,314,521,121,243,94,201,427,300,1011,370,685,127,1476,144,149,95,295,335,222,175,725,3508,144,132,189,637,278,1081,33,1165,319,187,194,646,1376,415,311,202,82,1238,115,276,158,362,362,185,163,1869,73,95,406,1878,402,140,5390,874,174,389,229,113,229,133,526,445,144,345,255,2006,3442,138,174,345,1853,296,171,1400,1175,2827,1199,931,258,192,955,124,61539,345,121,932,5032,695,219,2624,632,115,2530,868,372,273,366,101,1001,113,1038,604,204,211,100,6984,879,1534,658,511,4532,456,191,123,60,158,443,181,1788,901,157,224,293,141,311,490,88,256,200,230,84,169,466,743,214,1131,498,307,197,126,1286,1209,137,428,172,414,164,214,118,67,4105,467,6664,113,44,2853,715,252,215,91,221,218,163,1746,345,85,106,1906,1118,1179,357,265,640,303,405,88,311,4044,195,114
560,1877,87,98,156,263,148,1298,401,4937,280,369,102,175,7519,673,129,126,15,261,101,130,145,701,222,83,1493,50,172,682,113,275,110,543,385,399,96,4225,542,150,133,428,64,6101,333,878,603,458,142,384,200,163,205,762,98,833,429,591,862,429,300,2169,1316,97,482,166,131,200,660,155,631,4201,56,155,551,258,604,643,222,12911,209,273,282,146,70,286,65,184,759,50,210,80,116,91,273,428,144,135,112,267,210,145,119,110,253,3559,3097,4178,197,144,89,134,505,297,911,159,240,726,194,197,225,134,208,3619,855,142,469,443,649,80,683,92,933,165,278,408,134,4699,250,244,82,190,140,277,9199,142,217,246,313,1797,127,2564,1909,155,174,182,184,359,1530,249,425,578,368,310,111,1433,177,80,524,1862,87,94,185,182,100,418,502,185,612,487,100,127,528,510,126,183,111,144,95,2163,5809,727,164,225,108,89,185,355,427,974,266,170,1586,58,2003,213,550,511,216,136,191,2247,1232,524,1210,178,566,907,159,276,231,587,873,807,285,77,211,116,1425,308,249,266,93,222,511,388,213,145,538,84,320,331,246,8806,1421,524,604,224,326,237,1995,1615,380,6379,205,117,113,282,2354,127,133,186,623,180,264,117,328,324,316,1997,633,220,551,479,169,215,433,272,288,230,660,244,886,135,109,200,384,136,304,689,164,124,239,550,134,152,2966,7285,552,332,349,482,163,693,115,1801,109,472,150,5879,275,964,1133,146,136,502,154,155,434,317,163,247,47,702,267,768,150,617,282,241,397,165,596,414,903,288,57,75,373,148,110,3858,222,574,459,684,1025,160,168,220,811,311,274,392,11521,804,333,308,3491,674,182,252,235,283,620,153,2207,301,101,100,483,371,464,478,503,213,157,110,370,1063,260,242,128,705,784,1525,189,146,171,504,141,271,237,101,178,484,140,309,301,276,144,445,369,540,135,796,139,412,625,272,305,463,239,126,637,732,281,846,330,231,1804,152,259,384,103,1579,1022,3427,225,103,713,326,2421,1399,229,127,101,2680,127,118,1967,656,122,397,574,249,240,645,187,387,2872,330,134,154,148,832,468,156,375,1983,250,491,770,292,182,5632,479,140,226,161,116,667,355,484,472,146,951,190,162,1072,213,93,2253,322,164,101,488,301,335,332,423,15645,82,229,421,181,838,744,1052,249,292,177,143,158,300,628,699,156,206,294,143,321,472,762,2671,347,449,290,2999,749,189,265,91,325,460,755,428,189,1272,87,6722,291,1708,585,212,588,207,1054,1746,171,215,681,150,161,125,106,3594,2461,1470,1044,40,151,315,355,131,102,184,4049,1470,302,163,202,443,232,715,246,145,227,635,155,379,191,343,844,221,790,535,223,9076,191,7174,991,1180,172,262,284,234,1386,85,407,1832,299,268,958,844,192,254,12433,244,243,896,173,1034,304,832,196,234,888,7335,910,71,141,1573,284,427,963,201,443,1044,412,419,273,119,232,1561,118,420,133,1094,279,3409,259,133,511,228,2139,205,74,1588,142,150,476,634,582,71,176,197,554,5451,117,342,181,4211,280,182,2109,806,180,1091,230,1795,244,135,114,492,164,701,127,110,229,741,8038,1439,710,1538,469,106,431,2122,184,401,147,704,1081,155,1344,344,215,650,60,5131,211,1101,174,566,189,1734,323,545,966,792,203,399,137,268,381,112,108,335,135,3176,1581,241,249,485,629,531,190,721,216,79,257,714,308,215,562,185,301,2739,621,1202,235,526,307,537,173,129,141,876,466,124,481,140,2131,309,86,164,131,404,116,314,803,263,146,195,138,439,158,240,401,190,267,388,83,237,561,162,1019,209,240,91,582,340,141,396,104,1278,2666,195,202,96,160,196,275,1154,175,239,180,195,285,1939,1431,231,234,161,114,386,79,381,209,1469,374,187,145,133,152,11643,490,293,2002,662,982,183,472,452,350,814,1764,121,177,312,165,338,391,293,183,989,1543,152,1439,247,481,554,1324,1781,3653,668,150,563,129,175,375,210,62,228,5670,518,131,327,201,390,405,251,105,156,212,199,204,146,486,311,132,98,82,1555,104,1866,636,985,1824,375,395,1865,82,405,4889,347,297,308,1407,135,322,1114,132,230,286,889,153,91,431,863,1405,245,1968,722,380
637,1127,211,129,201,782,116,1851,284,267,139,138,91,252,717,117,2351,664,7035,103,66,116,268,185,1963,408,151,269,139,252,3341,127,53,106,304,4792,2815,232,389,233,162,1138,176,101,407,664,265,225,189,270,446,457,154,739,47,194,460,52,820,51,231,470,352,237,85,618,339,425,127,82,677,2412,172,339,51,363,209,171,141,427,179,152,783,400,1105,279,196,998,250,205,244,1846,486,362,1071,1979,336,2784,541,127,191,130,242,179,337,85,173,1120,837,530,170,60,115,1875,289,149,1087,1007,226,343,1169,95,667,121,161,354,231,302,282,501,275,166,342,436,635,2440,2276,284,407,100,18525,37,1821,755,684,199,223,714,240,123,2218,232,1399,1479,245,1327,343,209,223,147,689,424,1337,624,1576,661,175,1028,278,840,5386,505,781,828,249,351,95,577,286,188,96,254,1101,139,95,671,445,2144,408,131,631,178,3972,166,635,267,193,428,151,95,284,670,138,232,99,417,150,425,671,336,211,1578,122,230,226,420,128,355,133,93,3068,689,605,154,117,290,112,225,159,93,142,160,136,295,122,127,121,805,340,285,1127,139,230,779,484,941,386,187,198,74,340,650,607,561,450,194,268,83,728,344,858,1446,493,221,391,90,261,317,346,686,361,968,626,318,518,965,205,308,71,203,245,13254,92,355,765,552,300,1050,1133,385,182,1334,255,463,353,193,572,530,317,829,549,2976,139,101,1009,492,725,148,145,109,151,644,110,565,1245,922,331,186,113,1082,1299,92,5820,792,392,417,104,260,1290,1092,3222,491,687,714,516,526,562,409,367,173,739,142,256,480,259,1279,139,314,414,241,659,784,90,229,84,91,278,256,347,1576,252,3520,346,258,738,545,1096,340,948,201,94,347,209,436,315,116,223,476,604,154,193,1064,89,276,109,260,505,938,626,97,585,227,373,891,683,138,417,125,66,347,116,239,844,407,227,108,643,111,264,177,601,2164,586,240,1636,412,368,86,382,259,233,103,128,7678,3557,165,164,77,87,274,155,1227,1064,221,435,230,164,549,127,738,150,3018,370,403,140,177,2889,107,360,135,7898,189,173,277,3314,1121,78,302,428,515,192,201,501,1563,76,395,272,128,123,3718,1619,485,49,4120,1004,1301,3478,3668,326,235,128,171,148,299,333,317,147,197,723,557,553,674,3336,654,249,733,747,345,1284,1099,1727,157,384,163,595,141,109,113,573,242,560,101,5270,355,1499,726,577,386,184,166,259,9392,291,770,2707,1675,603,296,691,548,183,178,425,246,444,832,2193,947,423,266,282,91,95,520,130,1825,248,359,340,179,258,1459,332,346,928,1930,317,67,454,704,193,560,188,139,237,89,156,666,96,1618,114,236,1329,137,640,169,5588,346,1117,1599,123,67,102,279,469,87,1005,429,450,178,325,105,967,122,525,336,366,113,252,233,251,224,409,350,966,208,183,277,97,358,145,293,97,3692,370,64,97,2648,721,550,141,1517,152,52,429,196,444,255,432,277,698,928,810,165,2702,3034,206,570,555,430,150,452,1223,185,6891,132,187,143,817,1127,102,1100,375,2017,382,241,4816,144,191,48,67,876,172,191,737,114,467,166,366,225,110,289,42112,314,132,554,220,100,1042,168,365,183,1045,132,362,2950,73,893,154,238,127,322,156,708,417,495,190,806,103,442,564,1364,9626,81,822,239,1220,1326,231,610,154,111,155,844,261,292,186,179,241,1028,1699,308,601,216,1239,100,363,114,885,296,489,523,1022,135,224,369,93,783,296,715,551,54,148,403,151,666,1041,304,1260,144,816,117,1263,1342,398,280,294,235,161,161,141,375,389,331,207,335,936,930,1539,230,11937,304,175,1266,116,124,195,575,362,158,682,488,163,355,628,951,71,464,416,100,240,622,177,875,266,426,366,1294,458,885,396,8101,300,144,80,326,256,2529,575,551,87,91,197,677,142,460,304,391,1184,1424,458,92,194,272,1044,673,3411,543,236,322,644,227,776,497,612,125,227,159,1985,124,1204,142,465,941,565,246,126,1609,165,169,181,75,130,662,1506,1943,383,822,222,169,72,145,1077,3006,355,68,3114,1350,149,248,974,177,495,240,172,715,302,396,191,119,698,258,149,158,185,293,354,402,1159,239,63,504,193,84,561,571
270,56,759,511,92,130,289,597,38,89,1280,901,612,232,610,386,714,355,104,132,748,219,191,239,171,309,333,47,158,111,185,457,274,7886,232,314,241,1797,134,555,348,83,1230,220,555,231,1856,519,657,171,896,8506,660,867,1333,2008,1070,1248,643,730,104,498,607,136,78,330,102,3694,411,1621,247,4767,417,249,298,115,820,199,497,115,301,1173,4658,269,302,168,368,478,559,571,375,182,1036,486,427,65,539,221,405,123,480,162,72,3069,99,225,152,578,386,856,188,924,373,205,2421,760,248,107,1339,205,333,156,1271,345,977,161,554,3523,863,297,159,227,119,343,342,82,670,306,182,808,1733,792,7334,197,203,370,474,195,2643,50,1162,341,232,727,507,2935,126,1158,310,379,543,160,767,3191,2095,4352,780,582,1090,1808,137,193,232,1572,581,650,220,862,4692,97,720,653,102,4637,393,463,117,509,671,157,5364,2220,91,978,665,284,239,107,544,1168,217,843,196,371,90,96,94,480,72,255,541,122,122,2345,360,402,986,460,443,637,246,1936,199,403,206,158,286,797,461,197,653,348,337,993,108,349,1040,314,1046,186,274,588,2130,123,174,117,177,86,84,15620,1294,63,284,1787,523,218,156,1068,1125,291,227,108,133,128,276,2026,572,138,110,109,153,137,207,101,422,69,580,178,127,197,185,128,218,718,897,5230,499,1935,281,169,139,191,1103,485,208,768,846,201,785,70,364,795,204,196,2580,399,745,174,142,583,58,115,326,11055,2098,110,268,928,747,515,954,1434,330,228,73,198,211,718,70,117,134,309,173,398,91,1161,265,122,818,146,352,835,111,747,74,154,141,281,1821,665,328,221,129,33,167,160,781,564,194,319,59,175,98,337,699,159,821,253,153,59,101,13581,192,100,240,967,1042,237,312,652,430,335,859,141,4362,90,495,529,291,233,1215,296,207,1953,56,79,98,413,147,142,244,244,998,107,111,622,441,546,225,204,58,122,243,248,277,200,225,119,132,112,296,325,182,371,824,335,466,1561,108,727,2246,118,964,381,382,521,11359,400,696,141,145,4755,243,774,183,223,330,103,423,8124,288,499,711,568,265,120,129,220,1636,448,309,1210,466,570,327,1142,297,322,2975,196,1910,704,1278,170,123,3825,247,125,110,251,408,1175,524,105,119,376,320,1029,1070,1094,217,458,186,785,136,3843,131,299,122,616,232,363,789,3553,290,113,276,271,210,1009,110,1305,237,686,372,818,1410,430,534,262,93,52,563,24186,68,56,339,338,73,350,1428,116,1324,53,149,769,110,671,110,190,3222,467,312,307,140,3617,326,657,274,916,739,622,295,685,132,19146,160,139,2395,785,5595,120,3099,205,293,241,106,67,491,535,383,144,417,178,1350,196,219,238,5884,366,562,70,156,253,150,5115,200,148,170,733,399,2388,91,192,148,1349,4897,510,77,1230,372,739,1649,457,66,246,123,2581,177,103,185,359,109,1642,148,116,265,189,2083,98,653,161,117,148,7146,480,146,123,163,281,436,799,161,350,143,192,639,291,205,365,284,456,102,497,609,162,1224,747,2095,235,46,13352,194,175,89,469,7217,109,692,101,107,127,839,4426,4183,1614,234,660,205,154,312,542,190,362,574,1134,109,239,2155,338,173,1936,479,1453,236,1612,471,125,114,2880,261,771,252,140,1444,94,970,144,212,202,333,879,201,73,106,1925,167,884,130,70,110,2778,119,395,238,219,135,2000,440,751,561,1757,558,333,339,984,613,619,232,357,727,87,281,96,402,139,180,2807,327,1006,247,109,154,198,225,1660,685,189,356,77,161,17129,335,527,185,268,276,104,1162,383,2844,181,309,1312,532,100,1283,136,167,370,1214,380,353,298,73,440,238,1290,198,359,1759,810,219,1032,645,1064,169,199,131,539,61,2031,234,1070,545,656,151,304,121,187,264,173,556,188,1463,137,117,3014,311,231,210,115,696,503,568,150,1027,146,111,696,316,257,36,90,1109,2050,1047,3314,332,2310,881,260,690,184,1116,354,705,716,785,2437,396,715,377,939,768,466,88,431,130,866,127,218,317,263,323,326,284,305,98,1543,2480,436,178,123,436,1372,707,6750,156,88,171,230,768,415,109,778,636,2585,116,7266,80,64,113,635,849,132,1712,192,404,436,223,519,523,676,1872,548
715,1512,1540,9805,386,207,464,284,142,661,4860,75,93,107,1138,103,138,343,1237,322,583,2970,188,220,161,141,1292,1473,12717,872,140,407,192,1292,226,235,151,783,404,790,173,301,1320,171,146,223,136,1295,4154,617,841,2011,430,1368,484,481,245,630,357,4760,139,211,351,763,500,134,135,135,158,334,362,112,1085,218,280,2296,86,138,1361,374,374,6425,2017,331,1044,815,172,913,1083,649,10147,317,258,306,228,668,131,732,117,5175,112,174,473,405,422,337,429,391,375,279,237,1291,248,274,3003,103,93,215,8555,139,85,5688,1009,121,101,3687,98,272,423,116,115,488,1055,465,799,99,358,140,170,500,642,207,659,915,153,197,1596,178,509,474,73,192,1096,118,5093,183,112,180,1126,299,236,277,75,131,123,2341,1857,103,585,4259,201,393,252,1991,865,256,166,654,116,316,291,170,1059,194,296,95,359,945,180,375,132,221,110,89,1029,1332,261,322,858,82,2107,4258,167,223,201,73,424,252,156,260,124,192,736,269,135,113,935,641,544,302,1906,64,245,366,1360,187,296,113,741,401,680,2709,245,246,554,157,456,7989,355,261,436,139,342,229,247,23058,364,239,321,491,20717,169,436,4960,2361,465,125,1007,487,199,2007,55,341,266,19944,1333,65,220,287,557,170,146,1201,262,824,574,292,253,267,773,1036,451,680,95,93,400,263,144,255,151,410,1432,1815,672,562,1635,202,7744,144,2740,1319,1405,287,594,356,365,2240,248,552,495,223,68,1200,2020,139,2029,874,1067,608,183,858,762,260,205,432,224,567,780,75,142,271,109,160,440,258,512,880,120,102,392,109,608,260,198,4987,520,170,414,915,165,417,199,277,275,1366,1968,1805,105,240,192,2140,207,367,71,265,212,361,317,326,147,153,134,9517,1272,1208,531,95,80,457,487,990,129,844,624,230,198,901,101,350,86,392,165,2177,696,89,416,238,132,1382,466,128,579,270,641,191,916,193,293,586,817,251,98,129,216,188,221,119,386,594,165,426,1141,142,328,288,94,928,280,27,1332,134,89,276,207,72,349,136,2415,134,135,676,1126,163,554,260,815,648,162,191,291,1273,113,252,346,282,489,259,630,163,67,1085,524,825,1029,5767,234,233,291,140,101,139,266,265,103,1359,117,681,240,386,456,145,298,485,411,385,111,1115,295,226,175,71,375,166,264,798,106,270,286,489,135,946,225,95,81,463,175,517,66,129,194,562,2669,2435,452,342,198,282,971,164,2552,732,75,80,753,608,299,196,2849,434,1142,616,379,137,253,242,358,119,257,8110,669,205,517,104,440,553,273,534,107,89,73,104,185,222,519,79,1485,873,196,90,199,307,160,194,140,124,607,1364,251,141,242,3722,1415,2226,630,686,912,247,384,79,2319,276,283,191,229,250,770,784,125,247,199,469,1151,172,50,201,907,252,246,293,575,405,130,551,901,503,374,240,609,481,217,418,128,176,114,1659,121,185,126,189,327,153,15828,289,297,238,276,395,199,696,145,271,119,3823,279,215,234,516,240,143,2448,727,148,1096,2971,567,273,94,287,245,318,2060,138,445,239,280,1185,146,445,397,19200,204,153,286,849,805,797,1581,215,5194,420,1230,851,400,169,213,330,244,596,280,292,256,231,151,1424,940,161,516,197,1381,1073,152,566,471,100,287,339,177,330,323,427,95,221,1695,155,2266,120,300,710,203,367,293,252,143,437,296,6672,485,455,901,478,182,164,528,442,613,504,317,182,116,3000,129,151,344,214,1011,1027,333,215,522,152,530,129,129,138,286,519,282,108,359,941,215,433,117,124,210,720,178,178,349,103,590,153,798,259,1350,372,118,285,214,159,1873,451,640,242,3560,186,1147,434,369,776,510,141,870,189,154,1242,151,3740,582,246,44,106,213,91,82,260,284,482,95,66,535,157,276,264,108,2649,978,565,122,209,152,172,1012,81,453,203,184,120,375,420,392,500,744,935,1028,107,82,8014,237,168,3282,262,458,431,1349,248,623,231,345,586,556,201,833,494,176,128,1332,602,314,124,418,184,267,1667,316,109,743,221,195,195,286,771,229,162,360,119,250,1570,136,208,130,1823,128,287,134,168,599,1405,107,613,1045,1422,1899,543,69,214,216,1121,153,95,574,83,267,294,1806,259
1457,229,13682,85,123,149,89,105,215,358,5574,122,152,108,111,712,468,227,447,2199,220,94,152,351,832,75,59,88,664,236,177,272,289,2936,592,1144,222,3363,153,457,99,139,696,708,454,295,6950,239,131,258,168,214,190,74,526,138,181,116,186,646,202,81,1048,149,5704,223,79,147,169,743,119,336,374,139,167,296,242,889,180,116,2544,313,142,169,406,194,83,143,11990,964,634,115,563,196,6513,175,165,790,60,247,6821,694,274,700,143,244,193,1065,181,1273,628,482,375,606,130,106,122,324,7380,1425,103,706,88,52,134,45,571,190,605,369,569,4073,1628,94,200,314,1060,183,589,459,247,71,414,409,132,118,130,393,184,74,558,1208,135,851,319,939,2472,137,1036,307,2017,544,5395,165,1606,3941,969,142,466,5584,276,591,761,8887,101,203,75,973,179,211,708,202,454,208,79,225,11964,817,129,311,197,175,130,112,529,579,97,219,120,137,576,123,156,153,229,253,252,3970,157,1383,740,843,203,619,455,497,755,126,2125,154,221,274,94,200,268,208,400,419,162,61,290,2085,685,181,1127,261,256,458,307,222,264,837,235,182,283,150,523,25713,3842,233,609,481,134,205,353,456,174,3040,646,881,192,239,1049,2435,585,1158,210,276,1207,141,551,238,190,439,291,203,109,340,353,757,172,550,98,6773,148,108,121,163,224,1653,290,481,764,125,278,184,1056,180,600,3394,466,137,174,4310,217,100,341,418,53,225,1469,1468,115,200,39,221,1431,255,288,2980,242,127,264,258,89,671,164,6446,147,1072,842,329,254,126,1024,598,334,214,165,106,245,189,262,1712,481,1368,309,258,295,171,1529,201,62,1790,151,547,118,1269,85,248,227,73,377,67,141,3851,83,398,263,255,178,134,141,44,364,174,1694,442,1519,509,28,96,2948,90,289,572,312,140,405,171,1849,295,268,102,260,943,67,1258,428,145,182,560,2378,58,81,166,436,488,276,550,320,3935,82,104,96,900,7008,242,2819,371,139,507,411,230,97,1730,758,1111,161,1198,197,122,6853,985,236,204,634,123,149,3143,1231,136,482,1025,455,164,184,239,1191,81,1448,501,179,277,176,131,592,283,428,53,347,195,877,172,1745,158,259,149,127,24077,2130,325,1959,118,255,126,1765,364,378,543,472,136,2066,1274,203,252,1423,214,1944,575,264,1608,181,1060,6978,146,686,172,543,588,119,851,89,192,587,689,47,176,244,428,1043,561,18543,1695,469,118,516,129,261,73,121,367,196,247,757,148,296,256,72,293,1868,154,3519,32,686,1168,160,457,306,147,965,90,2181,87,319,218,70,3458,111,114,223,196,1025,1689,182,72,116,123,123,195,1045,208,114,295,291,474,940,384,404,1302,575,547,49,160,860,286,4383,1277,85,1325,677,478,222,147,135,88,1311,253,129,159,795,175,124,442,976,964,120,287,178,173,1059,2216,158,114,638,2556,194,407,533,169,315,144,734,890,99,477,376,306,124,29347,142,312,189,221,453,57,652,432,4998,55,142,78,44,534,307,171,97,5861,296,185,444,702,56,61,56,223,316,685,949,69,1178,853,283,398,140,88,1487,1109,178,197,468,141,1252,77,304,176,623,135,400,280,483,323,1657,10941,645,224,127,173,438,177,169,1486,217,240,194,373,77,114,192,307,374,379,239,4864,147,184,3174,188,440,126,149,64,241,1625,281,3040,2479,1658,153,1092,175,189,679,94,288,171,1045,197,846,642,104,99,400,75,2999,231,84,131,172,771,1309,414,117,249,368,711,657,10889,89,190,106,140,2645,256,207,167,548,1647,1995,138,534,8631,1885,171,607,414,186,111,357,75,390,1495,98,117,380,663,130,181,50,228,676,5199,111,460,173,262,62,105,320,637,406,244,186,1810,175,10899,230,235,223,1824,577,262,178,317,188,307,673,273,128,93,915,169,289,159,195,303,90,101,208,311,3985,237,98,557,257,349,76,131,159,161,73,892,326,326,128,1023,337,153,109,246,462,1981,197,203,3053,143,271,227,162,239,315,121,365,166,67,636,552,1703,5820,153,674,332,473,291,315,157,343,689,186,210,188,1445,192,207,210,189,279,1359,246,567,312,846,232,469,2412,225,163,97,115,110,961,297,337,3564,1087,72,1328,63,160,214,147,934,504,282,203,3311
768,540,1305,245,237,301,138,2723,142,117,1232,89,156,517,520,1365,192,238,222,139,57,333,191,652,124,283,79,134,425,178,70,594,167,233,529,6290,11849,542,1855,569,1729,332,356,2640,848,280,56,134,44,138,80,420,525,76,1060,368,43,3971,339,1822,156,753,253,101,875,160,140,400,785,456,316,165,473,240,274,59,276,153,117,183,314,436,234,541,327,100,158,1019,812,191,97,656,672,118,454,365,208,354,523,184,323,455,202,1626,100,198,74,307,142,184,133,1220,442,131,306,75,288,248,2538,264,113,1568,270,229,1228,203,287,146,87,660,540,1270,4928,1164,611,301,299,5231,512,143,156,275,112,939,299,333,103,6370,588,507,328,188,133,280,1006,157,307,39,115,3561,1155,1478,802,300,185,124,232,290,173,1354,80,174,301,1275,266,604,223,401,579,246,155,342,827,2818,880,4251,72,378,128,166,593,842,550,53,3172,1570,305,143,203,280,87,385,81,285,37,903,596,255,153,220,301,50,1795,722,193,1244,275,169,132,154,186,1422,1331,12318,188,89,209,757,1362,120,765,448,253,58,195,192,1746,157,693,103,241,321,159,94,10779,1043,104,1947,236,165,503,327,98,2372,100,988,816,1202,224,695,105,100,227,225,616,255,76,133,97,438,4855,454,39,291,498,382,96,3650,700,194,192,542,78,76,1216,67,297,6885,594,488,207,199,1444,713,170,222,713,100,2887,162,1124,301,224,273,409,848,1301,138,767,1046,180,4394,57,3525,229,169,616,293,308,785,123,714,2624,176,129,168,502,437,1801,247,456,200,2167,842,900,850,164,427,856,886,539,263,370,1748,637,116,228,252,304,308,155,165,7005,205,357,177,285,369,1079,178,249,203,652,186,1112,89,119,680,141,278,694,652,216,478,241,7229,227,220,110,1108,2411,228,268,94,159,918,137,2584,428,2580,881,211,89,161,255,176,898,58,111,107,619,1438,113,10397,657,148,90,123,595,80,240,290,1239,79,125,23076,710,715,116,326,272,412,686,306,112,123,233,404,188,255,769,129,261,684,206,80,2983,254,145,514,206,437,372,685,172,956,97,599,118,1570,224,116,206,1983,1287,207,199,600,687,421,891,391,488,3935,117,430,51,757,8614,1131,153,166,31,115,312,1188,116,126,187,177,772,5159,681,288,229,633,147,261,545,202,278,144,101,122,108,206,677,160,260,167,278,703,258,105,611,154,166,726,1294,285,247,403,124,471,1103,420,197,813,84,156,585,134,182,579,357,154,261,726,264,418,180,7585,156,151,211,1134,280,225,142,81,477,111,828,210,249,288,341,131,309,1061,5084,152,281,411,163,56,982,2073,327,77,61,191,284,706,1072,215,322,4029,660,1408,128,194,1142,6267,753,658,86,341,476,88,183,187,188,433,176,138,174,316,43,550,16712,349,86,124,218,421,1199,137,980,72,648,304,132,96,860,702,180,1034,873,418,180,966,118,166,2249,132,515,582,1215,143,699,622,122,177,113,1417,723,124,271,416,207,215,78,356,333,105,183,102,1035,108,382,85,140,209,77,104,1249,114,285,375,90,716,635,1330,85,971,333,791,577,549,306,744,578,758,2074,526,4489,812,168,267,327,213,270,195,141,199,295,1064,434,144,257,85,205,839,956,138,153,179,94,773,167,185,302,308,213,832,47,219,122,857,766,699,204,1072,684,345,407,278,413,171,151,334,358,52,199,851,172,188,210,122,136,87,270,150,169,140,154,55,156,181,148,354,512,271,76,442,546,228,69,75,163,183,287,393,203,902,188,484,194,465,85,317,260,106,587,974,668,108,351,2377,473,119,607,194,139,838,120,735,136,164,60,446,823,202,458,109,215,287,109,154,94,82,450,237,692,3017,1545,230,137,254,218,578,87,263,159,603,121,6442,107,435,374,168,1234,239,269,1993,208,416,12850,411,166,333,534,310,320,187,708,3192,262,174,234,142,290,97,3068,880,347,265,4946,230,257,54,127,55,283,261,263,150,1361,651,184,189,153,4266,123,1164,80,128,144,1586,2217,181,461,822,132,113,415,141,312,279,312,174,304,178,1768,123,330,337,790,961,59,349,356,5699,110,454,287,98,284,117,171,373,2346,828,129,79,585,252,415,438,131,198,142,466,291,694
206,368,593,1095,362,451,197,403,130,164,621,4664,102,141,651,506,334,244,263,243,132,1044,352,193,166,351,358,566,709,1904,189,156,694,1449,314,231,1196,80,113,394,59,2205,190,850,121,158,662,4762,189,179,808,243,165,2666,1002,1944,135,629,248,3177,135,261,148,148,807,219,173,84,173,176,170,124,97,255,458,469,380,2627,158,198,218,433,231,292,3312,2368,163,745,2462,196,262,3490,113,2831,86,209,183,899,897,100,193,230,1111,960,3374,533,105,162,289,426,263,186,431,130,58,82,653,207,1678,224,786,273,252,182,173,542,4000,71,600,235,247,224,354,810,664,1425,836,148,9368,195,224,154,347,362,366,275,318,64,130,707,163,182,183,127,211,79,198,341,211,228,202,218,138,1621,139,373,117,5591,1591,328,1237,241,160,425,89,145,3847,174,61,2013,387,186,289,283,200,1524,952,298,926,253,1835,292,131,794,504,87,3736,286,1792,263,72,1000,1758,346,585,2005,380,262,164,266,386,643,354,143,242,1608,3369,47,266,194,81,68,249,178,217,561,3577,74,1091,230,1423,90,577,425,473,229,551,201,2126,3352,564,552,2647,500,244,2992,284,248,326,343,424,601,208,148,1229,112,38202,369,146,3025,3830,558,447,294,65,105,808,155,153,938,185,187,167,316,126,63,913,640,310,387,2534,37,350,100,512,1102,472,436,177,580,153,110,2248,266,89,74,99,611,1736,196,527,3839,860,1131,167,727,294,536,2379,140,307,1198,166,1021,22963,1991,546,175,131,150,216,4111,760,1333,250,190,421,279,446,728,309,202,407,418,1149,383,483,160,267,2522,243,821,442,77,130,140,239,1309,512,450,415,338,307,400,215,701,1630,152,237,125,501,499,66,225,162,1875,161,270,2784,1162,875,318,2151,131,823,1141,215,109,2201,1632,378,7547,396,228,111,317,105,268,302,171,372,1724,1365,292,122,600,4829,1562,460,81,251,409,275,77,411,59,233,131,359,881,215,418,1289,265,512,122,302,91,164,102,912,334,503,4630,228,1953,432,103,1924,489,77,2305,381,2153,1153,348,591,70,4629,200,182,318,230,626,602,533,702,93,177,360,420,403,552,7621,1232,524,75,481,111,1814,943,530,211,491,1254,113,526,5870,204,132,400,533,545,322,323,287,194,98,2866,128,144,338,210,426,287,162,343,213,276,353,544,2580,894,115,181,166,1393,788,514,95,519,134,309,328,1306,231,78,189,199,349,208,731,139,70,1368,1374,178,359,336,120,3779,391,124,692,974,82,188,843,46,136,1613,498,441,383,307,2512,293,638,122,2319,158,1191,546,1466,879,54,388,175,266,457,279,1266,364,387,349,5804,122,770,273,154,107,682,3436,142,136,171,427,953,186,259,280,124,70,108,199,305,143,1028,327,1738,113,5243,11750,95,2061,134,122,131,2958,250,2598,75,565,787,758,272,260,103,285,1177,123,111,822,177,732,215,71,568,310,5316,2264,624,592,182,100,468,222,401,102,243,767,558,203,1059,214,379,1184,1989,109,100,201,333,107,218,121,333,500,44,112,85,724,201,446,179,469,131,428,326,436,173,589,1914,4443,123,146,272,402,92,211,84,236,140,2461,149,87,306,524,251,1250,85,1758,206,527,187,582,236,1958,94,107,764,2068,374,717,91,165,145,288,285,890,41,741,161,280,896,153,158,93,894,4172,167,197,617,92,609,4104,188,324,677,328,1767,130,1011,128,505,478,247,135,597,3446,1082,171,154,1004,1529,361,11884,474,295,311,679,2614,397,1019,1575,171,3827,384,979,379,249,138,1809,349,163,1320,138,178,664,896,141,678,8751,124,247,356,215,105,187,387,192,410,153,214,886,258,1456,61,2729,205,660,212,1197,115,242,191,121,108,174,230,713,176,241,193,147,428,110,8928,941,1138,1202,147,336,125,547,222,30176,206,1210,574,151,223,1372,962,432,206,311,799,140,400,303,1371,397,289,684,61,187,949,123,120,653,84,479,133,94,131,480,1270,188,806,897,1383,120,355,91,389,162,652,136,302,676,416,496,1435,106,77,208,177,188,282,422,604,1003,264,244,226,71,140,247,129,191,1490,1166,322,78,97,67,205,110,225,543,401,98,261,156,424,945,253,298,709,2019,204,102,199,174,272,418,278,491,129,282,151,131,945,910,322,138
436,153,122,168,384,436,974,443,138,510,113,2130,153,146,1078,404,1051,1505,86,826,679,415,4777,173,618,431,466,591,127,302,328,174,88,149,165,136,256,5221,1356,2551,130,395,162,96,399,315,7087,296,173,202,2557,617,243,170,905,686,301,1189,610,816,2762,351,199,367,278,324,198,1394,90,11384,2003,1188,172,237,592,123,107,1008,243,2434,338,6783,172,869,107,614,497,185,467,874,362,224,244,143,311,382,618,966,507,290,370,1784,392,386,74,157,187,263,105,7529,83,690,107,75,617,186,108,90,3703,1152,244,237,201,154,165,180,1408,485,87,161,912,980,113,421,666,115,75,215,719,204,107,913,573,288,112,76,359,587,831,523,177,210,107,202,857,731,340,3234,57,161,887,268,188,1375,46,3390,110,289,225,58,680,148,362,133,634,497,496,94,292,513,106,295,1549,160,204,876,222,501,256,356,1013,394,411,208,246,192,603,455,194,191,94,739,3126,7859,165,1580,762,181,1436,127,217,1953,269,169,192,438,1841,287,6675,865,1017,253,9916,86,368,929,229,84,154,484,4671,189,561,105,385,152,357,415,248,2715,242,220,511,325,679,3951,711,454,98,1060,575,277,107,2510,3788,430,660,16490,379,277,525,122,713,3168,637,191,285,78,1375,1065,427,999,910,257,132,635,2615,97,865,107,318,79,1177,1934,142,1789,231,517,805,826,376,998,384,204,393,227,257,212,118,762,49,116,1445,688,1422,119,173,216,137,500,6546,116,612,384,192,317,164,180,303,496,314,312,127,108,278,116,305,220,272,226,1957,245,420,191,936,106,1501,12299,484,349,228,158,676,546,172,713,142,4911,1511,445,162,135,2550,220,160,147,265,288,565,460,533,491,634,125,31,593,325,121,134,47,1830,77,260,262,640,229,160,1551,143,186,200,238,1224,797,726,6545,40,897,1152,943,145,269,96,5852,606,134,223,252,282,298,729,73,876,1035,1028,176,4200,441,162,405,60,168,17528,124,193,259,166,3153,80,235,477,372,90,1548,804,1640,552,192,1644,132,262,758,149,208,354,1036,2167,481,120,605,465,234,312,98,980,300,1330,1958,132,229,2581,297,583,240,395,85,228,145,265,12739,290,216,287,1016,54,840,135,7921,1227,345,202,257,374,364,2283,235,687,2089,414,295,445,384,1661,4973,107110,370,1034,201,1294,176,224,108,763,215,2223,238,222,291,187,403,163,149,84,1815,183,262,93,298,588,2600,82,277,324,258,580,272,181,201,266,1537,61,295,4053,955,794,376,1070,297,121,403,275,187,151,130,232,173,111,8271,133,403,736,80,211,601,93,850,644,75,1036,701,169,93,66,115,209,1093,190,290,150,225,3288,300,722,465,479,253,145,67,435,716,973,233,136,233,268,171,281,167,1207,330,1826,317,446,2193,386,868,134,1044,1560,160,175,180,474,238,517,196,4021,226,286,302,214,100,176,75,323,238,157,199,747,804,264,53,1000,11608,135,38,213,64,255,241,31,435,220,199,89,2894,234,567,183,177,145,614,255,2772,111,465,75,137,64,235,1189,185,504,762,498,186,116,76,232,436,341,308,6307,163,107,148,1101,4032,2405,144,102,165,175,238,90,184,469,91,192,263,166,213,199,381,6170,117,112,308,4891,1489,183,265,147,229,587,238,602,2170,508,129,4478,331,110,196,178,302,103,411,533,810,328,40,1005,137,248,453,175,236,109,171,162,1179,94,192,783,222,189,209,612,838,192,572,873,291,715,347,1436,225,132,106,126,153,313,110,447,82,119,119,442,116,325,95,211,93,2147,25525,181,1971,676,86,239,128,119,718,123,813,103,392,85,171,165,251,923,250,800,1082,809,610,789,221,264,100,771,1043,201,765,181,115,125,579,633,716,333,250,359,112,931,94,1504,680,623,404,353,276,1543,239,2392,813,282,1204,444,660,1451,231,1623,251,271,1567,164,956,225,146,440,76,1658,344,271,125,230,43,183,550,269,6107,558,1038,434,1087,59,92,256,2358,190,73,534,1263,275,273,179,159,183,218,156,747,1864,217,1855,118,489,261,236,435,340,70,225,443,1234,266,722,346,353,167,132,565,1100,383,66,210,3041,191,341,361,134,138,258,544,670,218,572,437,93,136,250,266,148,2821,157,98,284,79,635,223,127,66,860,495
214,695,382,614,350,661,458,320,47,216,689,552,113,183,396,196,143,189,148,278,1436,217,836,128,108,2024,97,275,420,692,115,863,99,1174,137,282,915,916,65,3103,101,244,420,127,268,1559,377,121,117,288,1404,124,117,1383,79,747,221,223,108,127,333,95,1443,240,3311,116,723,285,132,1842,171,78,141,157,179,985,155,2236,101,6180,216,244,72,191,581,228,97,61,557,840,453,277,121,109,843,706,232,2148,166,48,172,353,116,98,984,518,276,241,751,161,354,99,1799,85,222,517,216,251,14806,4045,189,800,390,144,80,233,740,309,162,91,1593,667,236,159,1605,633,979,81,574,418,704,930,255,451,579,198,170,138,144,155,605,1864,384,646,212,5180,141,144,496,671,75,199,146,223,425,202,186,52,62,255,126,677,1001,2143,1489,292,192,604,188,175,134,126,262,435,164,2039,180,188,257,534,5314,1095,276,616,293,412,221,175,552,338,8763,222,330,539,1503,126,117,2245,4179,134,585,109,275,749,99,203,1205,892,4197,193,229,192,258,163,296,752,699,215,1886,1087,282,80,576,225,283,233,207,192,76,151,3755,265,582,167,137,722,185,187,143,292,547,762,143,278,186,715,233,777,242,566,1000,438,421,943,4484,436,994,1934,3415,582,479,303,714,154,912,114,126,2163,95,285,72,141,195,417,194,150,608,209,339,193,230,139,284,411,147,245,631,315,127,94,331,589,403,190,67,118,638,1561,284,299,642,396,262,691,150,174,157,212,87,158,358,130,202,128,156,1573,94,509,21310,317,226,380,219,191,655,408,689,228,5028,1588,765,1080,56,237,208,239,1516,1086,66,994,118,627,1086,293,376,721,337,515,219,1311,719,1996,323,161,1204,787,104,141,220,851,94,273,44,1258,740,1077,152,512,362,952,150,246,200,113,4184,5028,2512,277,1707,4203,75,345,502,257,253,620,750,2435,307,450,189,598,1416,1002,357,714,187,149,192,1047,106,822,5964,2593,216,221,136,913,180,306,499,299,357,304,70,788,1542,1014,155,250,123,430,380,1089,1263,156,954,148,146,794,1915,177,72,19894,323,413,1258,309,118,1575,1071,162,125,1943,107,552,1014,1085,201,129,876,325,9651,434,95,140,499,1236,1210,250,378,931,503,211,116,147,744,149,208,412,11272,612,240,212,68,67,277,300,171,29390,2226,1043,782,247,232,671,1180,1066,571,171,308,193,286,140,173,174,96,338,179,152,19812,338,107,473,308,944,508,373,502,2824,147,509,196,87,124,78,344,524,290,121,92,372,361,95,238,467,57,91,145,282,324,630,176,687,317,1226,201,85,957,189,1206,202,340,1991,140,199,789,781,209,410,1025,137,127,1359,2607,129,370,155,153,175,150,307,952,675,123,189,279,444,293,124,229,631,69,1920,267,402,2996,78,189,236,208,257,176,491,117,79,951,353,1593,455,1016,427,393,768,99,92,223,268,4561,195,152,179,109,373,3484,227,130,396,192,220,1804,330,264,210,89,432,1468,288,2784,312,358,170,220,143,724,357,320,232,1013,180,500,239,206,599,918,54,253,615,76,396,557,77,806,6927,448,146,664,224,886,316,192,1646,1348,102,468,347,1394,144,1707,2605,313,2292,336,232,123,127,354,749,125,276,228,179,4727,322,221,86,333,1349,135,167,414,246,1791,70,160,99,677,289,713,627,15054,182,189,993,160,706,278,169,3982,189,174,276,522,159,359,718,152,410,213,520,275,264,205,494,147,171,113,147,240,172,1052,306,273,379,153,733,122,518,576,332,393,527,331,93,313,257,558,70,39,455,174,179,128,395,1291,796,173,1198,126,325,338,801,4317,141,977,143,522,1898,207,278,382,700,215,119,731,464,259,82,426,135,88,211,226,402,120,887,620,591,909,214,236,2207,378,397,802,413,2668,529,70,272,2172,889,194,80,587,87,166,1139,233,99,159,313,175,105,134,183,610,244,1863,82887,280,116,520,160,74,1323,477,19527,811,165,153,124,1174,1186,271,183,4095,667,183,134,262,227,325,217,461,1236,956,296,1173,5530,307,124,131,363,1199,608,272,2254,152,326,93,154,411,534,358,646,2891,77,203,807,1813,154,463,1446,67,137,121,266,515,122,386,223,3669,387,196,170,985,334,555,181,483,339,92,121,300,133
57,311,1778,6397,381,229,1545,1091,513,418,499,451,216,134,523,152,484,1432,133,164,5354,291,616,330,204,1077,865,94,229,1436,254,109,311,112,111,281,71,369,412,158,192,103,166,5892,652,861,309,1808,299,181,179,635,7507,588,476,126,1093,496,168,76,2147,175,294,106,415,3581,369,250,120,1638,523,3394,213,5838,2991,356,407,225,458,448,213,1758,273,94,855,234,104,746,377,977,114,203,132,97,763,340,692,180,422,169,164,148,3558,985,304,196,113,7920,1470,152,231,106,380,245,875,116,70,171,897,810,90,1275,110,247,153,229,116,196,146,480,376,102,1337,496,140,1060,232,232,319,46,351,139,94,103,211,570,129,1177,300,160,142,804,415,342,207,145,242,362,157,125,81,113,226,164,274,1873,131,134,340,193,196,92,91,26489,633,95,165,264,1058,184,410,732,357,1316,279,210,174,481,319,194,3213,601,769,213,105,1352,823,184,260,1298,379,85,403,1704,144,1794,694,3264,368,96,202,712,139,728,191,737,144,661,175,137,154,149,978,199,251,454,253,113,135,470,1198,400,197,755,250,182,155,263,5177,1550,389,2662,319,718,135,1814,658,267,324,293,1452,364,502,825,207,281,696,1687,1104,6485,135,135,956,801,910,229,878,192,176,102,231,317,347,522,156,4892,164,487,950,272,120,332,171,83,1885,74,2301,332,1218,119,170,234,219,69,193,928,155,173,18241,233,177,278,250,227,939,76,598,599,491,55,589,1182,945,751,690,1936,246,5889,469,116,139,165,1104,366,300,74,997,191,3962,108,540,316,150,655,244,53,127,267,2648,643,321,160,289,838,137,200,91,98,161,537,258,405,267,224,205,388,150,316,120,544,399,968,1523,403,85,328,96,1053,129,168,737,471,115,649,123,221,238,177,471,152,420,328,541,1773,807,161,1456,513,71,259,1068,278,159,430,1375,217,470,224,127,348,450,628,239,909,166,108,244,220,2878,247,428,1116,1098,98,1124,200,5501,563,3378,143,171,1523,4001,488,465,194,672,136,110,650,375,79,83,180,510,234,433,694,215,672,400,221,2360,1682,1395,735,269,242,451,579,3120,493,339,587,795,376,220,250,611,539,961,212,374,235,328,149,1346,666,457,356,142,277,111,1241,695,335,273,172,299,352,1231,81,250,302,682,378,179,175,499,2012,1219,695,1228,151,4156,1363,1237,6730,453,216,174,2279,1160,127,188,321,888,59,1472,146,1105,1389,126,151,631,140,187,1345,523,127,535,317,613,219,32,170,77,122,155,1755,212,3007,1185,232,164,509,358,184,500,210,696,198,170,550,310,265,260,209,723,95,282,80,57,305,170,302,551,132,63,235,233,860,578,1139,526,515,430,464,219,169,120,142,571,5174,7486,256,562,294,549,432,306,4644,3446,489,1415,120,378,301,186,1164,45,243,138,307,264,276,266,549,793,371,879,392,327,1313,110,133,235,342,2038,790,428,757,217,1028,679,400,586,681,469,575,294,260,141,1387,169,184,269,122,587,67,197,137,541,296,271,8849,175,1479,235,183,750,346,443,1908,125,650,157,212,1143,193,102,298,405,641,125,141,1061,186,326,170,600,169,88,1786,5232,128,2131,2028,343,619,231,130,376,1072,422,363,1657,2836,236,2618,768,144,75,258,1180,278,305,1487,718,600,406,748,216,169,95,166,311,71,220,190,322,69,162,2291,163,215,1080,405,571,773,101,388,1044,181,392,686,1699,829,112,3507,1317,1191,79,74,473,5447,554,254,194,235,393,877,97,932,178,562,195,1695,580,359,422,337,148,133,2046,521,515,334,269,7581,91,232,299,113,1646,143,175,561,260,1256,189,705,273,96,183,86,106,365,1017,2091,214,209,342,462,242,1289,198,140,1070,189,1457,4792,331,519,153,452,449,321,256,584,211,305,5641,996,39,86,200,163,45,144,152,231,777,547,605,171,138,321,410,275,229,5611,334,43,98,216,1009,1037,147,477,421,419,370,325,197,54,141,174,67,667,383,61,125,428,371,771,308,952,803,348,526,48,1188,77,104,177,3245,379,172,101,381,1060,341,1269,201,250,358,97,672,152,1503,169,1898,750,263,1583,210,230,351,3215,443,263,511,5840,552,813,309,188,452,123,250,776,273,335,236,168,466,227,317,276,159,592,633,211,270,521
599,136,131,314,239,170,154,222,248,272,523,91,124,706,297,139,79,136,135,110,1056,252,158,1038,304,274,577,158,4238,82,84,196,197,194,155,138,121,368,318,235,226,307,1642,252,1728,291,280,3081,420,149,16278,717,182,104,4714,610,152,129,141,199,679,666,2034,146,381,142,2161,234,124,1634,2231,291,260,138,387,3824,218,469,716,400,916,169,439,2906,104,135,320,211,76,141,2946,302,633,61,515,48,133,842,219,192,441,1692,215,194,122,1386,273,1258,87,289,434,880,141,163,235,4478,139,265,160,293,930,517,260,350,230,67,436,122,98,94,1845,180,327,1609,1233,194,172,112,1868,755,219,102,796,248,148,1342,191,2501,1968,268,702,469,207,186,155,480,184,2007,218,59,4846,108,150,722,21281,823,303,120,883,155,351,4250,388,139,353,954,118,222,3489,275,110,100,227,69,202,2385,158,169,271,74,316,763,1751,139,139,755,413,105,77,22547,162,652,303,235,5360,196,171,474,758,158,77,111,473,1581,141,261,5899,374,118,230,647,304,178,131,308,89,168,1400,291,213,358,225,112,279,46,61,600,165,160,148,227,229,135,361,264,90,363,186,638,1016,546,90,303,246,307,395,234,684,166,1557,359,403,95,283,410,497,163,488,1744,295,130,87,181,160,327,85,167,596,167,45,699,158,963,107,182,368,1290,140,293,259,127,127,722,76,411,67,352,222,691,463,168,378,287,873,139,301,656,283,387,934,1792,174,584,207,200,80,612,1306,97,76,149,255,1552,591,3773,140,281,1439,10714,2680,1168,153,788,1966,558,941,337,63,1158,133,298,216,280,238,95,788,163,670,241,612,187,347,146,387,270,104,998,125,130,1094,286,367,271,179,160,410,565,98,129,686,644,750,237,5508,155,2296,4108,214,4930,1140,201,1345,189,733,551,283,434,101,93,245,201,228,93,426,122,560,173,907,291,156,1092,631,171,1041,105,187,184,238,746,1587,1176,181,202,176,893,1044,348,461,139,207,278,217,214,343,234,57,570,251,260,170,48,3076,551,989,99,117,238,241,422,156,123,133,305,2624,1919,399,3931,324,61,104,239,331,210,445,168,2320,75,773,173,673,301,178,232,2340,945,90,114,249,265,132,117,4368,4822,158,148,9004,565,259,2061,127,715,172,110,155,501,171,640,728,661,656,201,178,812,282,283,125,391,172,85,981,344,98,149,564,1081,76,188,4023,244,118,108,741,1395,442,192,7982,64,447,1911,210,172,395,242,203,135,244,142,158,98,126,203,683,130,579,172,486,405,1508,325,281,4161,149,826,261,249,203,176,784,2683,153,311,205,180,192,159,472,986,533,129,100,123,77,1648,126,298,844,401,471,259,158,257,1194,319,441,1108,2307,740,1816,218,148,77,29,201,350,668,1043,506,5180,355,2488,2665,1164,457,111,326,234,295,222,494,186,1078,74,192,250,724,325,262,805,227,2361,511,260,1594,283,651,137,343,337,45,955,189,62,300,158,232,2433,141,161,194,394,65,91,258,271,377,255,206,224,139,768,941,210,211,405,119,360,225,222,1140,346,709,296,151,225,490,130,97,213,266,1240,825,489,76,1282,189,105,457,1638,253,276,876,238,105,2160,625,455,191,590,100,156,167,667,236,1417,796,150,106,4421,474,142,979,155,207,123,266,108,974,225,6908,2434,2105,276,251,79,167,257,76,86,185,1160,158,161,73,386,448,131,637,112,159,167,151,1044,280,169,2153,4411,61,510,68,150,123,107,92,639,395,103,287,356,198,547,55,117,105,124,113,358,101,260,125,276,161,102,258,1228,187,144,87,470,3164,6097,380,236,268,134,156,175,179,2023,91,7344,741,607,401,276,321,85,400,1225,2356,2828,5257,255,498,133,268,1280,78,311,351,433,85,209,419,999,309,1327,142,7120,150,722,294,158,1330,590,792,475,134,194,83,739,215,238,208,105,1668,490,2439,92,170,79,785,113,233,162,2130,94,222,331,533,319,158,205,729,93,1274,75,187,361,287,261,330,131,918,458,1502,476,543,110,146,664,189,1439,951,360,903,477,158,441,156,193,41,1501,120,163,788,630,536,9324,871,148,207,8960,809,598,156,87,1345,393,243,365,239,680,191,187,140,90,206,96,215,157,276,119,565,274,166,413
323,541,263,5455,355,849,210,2294,144,120,97,740,603,327,764,182,347,3969,5969,1104,564,1060,524,344,419,839,818,189,560,1032,280,224,357,106,105,613,223,222,165,87,272,186,117,85,294,71,704,277,4725,796,1648,221,259,163,669,781,1286,146,89,1039,272,524,241,364,165,378,6380,132,212,151,551,144,91,271,114,5949,4159,934,240,385,200,163,477,205,172,552,1326,2463,68,610,128,320,1062,150,112,239,134,153,393,8217,4770,758,211,525,1266,576,354,187,3603,77,246,107,107,384,175,110,122,133,206,100,122,1064,605,96,83,189,112,445,281,1336,466,693,558,123,119,554,95,57,271,244,237,692,119,273,1044,192,864,312,381,331,128,121,186,301,188,76,561,160,2211,353,278,3106,359,5182,458,246,156,190,198,1434,159,614,139,151,4385,710,185,436,741,439,175,196,278,122,706,221,155,569,312,94,437,11255,837,225,150,2594,1641,4265,193,187,117,501,585,374,573,279,150,533,458,963,92,198,131,113,107,380,203,2620,131,863,1407,458,475,105,467,362,329,282,7254,867,48,412,583,240,2458,223,89,165,157,452,187,269,704,762,203,693,372,133,5070,339,71,80,143,4240,1351,940,692,53,395,159,279,1387,146,541,164,5278,229,176,174,214,623,1054,523,167,391,278,192,149,3933,296,158,180,609,157,798,3190,282,159,135,239,1389,89,321,373,2138,628,135,213,354,180,193,73,157,123,167,488,626,371,96,311,144,295,956,372,204,281,193,169,93,189,232,230,195,416,446,193,776,91,1054,374,363,192,177,291,68,176,1545,1125,725,211,366,646,106,1465,433,125,1284,685,4696,114,57,866,663,699,271,253,434,147,4095,82,384,181,425,194,90,12130,502,183,115,617,132,90,402,332,834,1052,786,531,86,2632,582,1211,245,337,350,4564,413,439,156,70,303,292,8111,1050,245,172,85,485,226,220,727,132,288,125,175,163,251,293,613,137,252,530,297,211,587,1870,73,2374,1369,67,207,736,115,126,317,796,76,97,40,266,469,7322,143,180,1954,1389,2355,129,405,33,146,1407,1549,130,632,222,27983,553,1323,2081,381,150,146,181,3653,164,165,1521,100,909,568,139,441,215,199,448,157,163,2044,2302,2483,200,246,287,364,381,365,221,461,132,85,129,934,258,149,1085,473,164,149,283,536,172,1722,290,249,172,429,461,176,504,166,157,76,1000,519,944,7683,569,498,1859,1533,176,329,1346,200,459,476,209,116,107,157,475,7002,268,2356,616,244,276,436,210,808,660,1599,341,6425,581,452,963,317,1929,313,221,178,564,1589,956,93,95,386,192,27,2812,462,1330,83,465,185,196,142,137,94,602,356,261,249,302,700,2453,1306,626,174,150,222,577,442,373,105,213,147,630,1863,303,419,296,229,85,255,410,687,188,187,169,274,104,142,279,120,536,333,317,250,1307,143,795,177,209,144,357,268,381,905,3746,244,251,3134,699,265,5185,106,58,194,829,107,501,146,177,1018,611,81,437,174,120,113,2958,253,117,448,544,82,4605,703,20846,1451,619,1342,233,505,792,113,240,148,214,180,329,229,3285,272,1792,51,5388,107,306,91,1697,5554,147,97,865,317,438,342,327,58,169,326,225,1841,180,295,364,138,185,115,2496,236,45,175,1433,279,242,124,126,391,102,107,118,553,416,231,698,80,228,265,773,524,146,232,1107,1481,712,346,149,2144,605,350,2517,292,1231,231,2720,184,392,125,429,523,201,171,305,617,265,313,7566,707,132,1089,297,121,255,311,604,35,579,372,741,7638,138,215,294,127,380,159,169,991,357,197,991,428,198,1491,684,280,259,534,189,1038,608,465,1305,132,858,258,468,380,386,352,730,289,655,160,371,683,188,172,1307,986,729,169,559,194,85,275,317,178,244,84,197,142,183,408,786,731,93,285,328,642,216,964,713,128,899,307,105,163,170,256,485,631,1413,373,208,127,1657,501,815,216,1369,343,64,264,1881,103,1119,596,286,197,189,534,304,76,464,574,114,319,398,501,159,1123,127,112,466,363,126,1816,183,443,117,181,9688,3402,119,350,263,725,381,142,344,89,1433,573,1109,620,1689,122,173,210,3450,75,111,710,82,180,200,1145,94,157,89,852,1248,93,199,208,160,318,206,441,809
3167,722,232,504,139,168,281,135,564,776,1545,402,530,478,4124,879,262,722,213,733,409,109,226,662,389,1599,1116,445,10374,525,130,100,65,719,130,160,2240,192,3027,316,473,81,406,409,1039,486,500,183,179,1343,494,278,548,141,426,658,149,129,155,234,126,108,94,2226,204,262,321,825,16004,47,445,3422,188,599,139,148,322,262,117,948,2233,623,1711,1205,382,172,299,256,209,260,216,116,125,437,63,764,104,425,3086,303,78,290,468,206,454,2206,651,350,187,619,260,807,128,91,832,135,135,553,360,703,425,184,109,1353,1079,255,414,557,382,137,83,79,479,222,286,117,184,539,1155,113,599,237,108,286,113,120,737,213,106,351,117,3476,83,141,110,190,177,1558,31,1129,87,473,167,3287,108,125,291,246,130,544,170,291,788,483,278,1961,1601,810,71,383,226,1588,167,66,280,122,411,104,381,121,169,537,97,222,353,776,371,1737,336,3735,707,110,228,268,267,698,232,214,81,1332,520,168,123,346,431,239,96,1321,105,699,350,3389,177,187,475,221,259,521,145,143,244,609,1360,159,2874,271,215,3844,385,95,237,193,4672,245,866,451,1081,201,478,1170,422,642,267,1862,1158,781,130,150,155,214,85,78,1145,838,486,4514,244,1999,71,155,627,396,210,183,853,94,579,231,148,206,68,373,223,197,492,445,37,177,53,295,82,151,118,371,130,102,165,415,488,455,160,754,749,479,6089,263,252,623,168,448,133,2050,214,150,457,2618,95,313,101,17661,1046,127,641,179,2194,589,5308,202,352,489,365,302,716,825,92,545,2294,842,136,3566,140,1068,164,369,474,297,426,748,254,173,630,2408,571,116,525,117,475,137,117,6553,119,422,22,210,1232,333,142,197,46,1178,606,1520,1173,135,887,108,1601,166,94,94,757,337,76,428,337,396,595,1704,200,248,82,186,172,121,157,309,211,808,411,119,75,1761,278,1230,203,110,1238,311,283,296,515,842,418,113,38299,394,697,169,116,984,82,356,1169,97,1374,129,142,1196,216,120,434,245,171,53,300,702,1041,101,194,457,695,146,960,253,354,338,2361,937,1704,397,186,140,124,257,435,215,185,356,265,583,282,158,148,160,109,238,156,340,255,143,1599,150,103,758,168,3850,100,2564,1424,5852,139,1238,76,625,145,195,366,208,97,134,197,132,197,476,540,251,255,1126,420,93,8439,153,149,556,860,8827,360,122,1833,1349,799,216,2150,1649,94,148,142,2497,589,35440,346,132,112,171,94,693,291,215,314,1187,1132,149,1692,148,412,385,174,104,1360,1292,244,305,1205,117,214,214,4013,2265,1990,392,593,639,99,883,197,81,161,739,95,162,1613,556,475,596,971,460,271,253,95,442,193,215,133,235,136,1000,403,1432,142,167,430,95,2400,1229,493,104,75,477,336,217,90,87,9957,2953,260,144,180,159,195,145,656,429,989,107,249,277,1013,475,1959,1381,442,276,173,589,897,1816,933,155,106,757,72,328,319,358,280,510,328,59,95,402,564,387,160,98,1348,99,155,384,734,698,499,1324,634,183,123,343,155,144,83,255,312,219,226,164,296,1449,469,100,1962,213,287,358,174,154,625,152,178,157,2314,978,913,271,488,105,1819,3991,1701,302,312,1731,47,121,2857,135,445,67,183,221,572,1151,953,178,3566,117,392,313,341,197,319,79,176,432,171,350,1106,275,471,307,104,144,111,99,427,3041,1904,691,189,342,1548,227,83,391,84,961,214,602,123,262,1454,59,337,143,231,665,91,254,650,263,267,133,269,489,339,759,343,119,112,1341,568,709,1729,533,239,1013,1188,79,378,647,380,170,325,1115,286,435,490,3044,275,88,110,53,423,977,105,245,85,131,106,154,217,320,1958,434,185,107,506,147,1059,621,1682,829,70,98,259,1616,140,107,1593,929,79,167,219,533,3788,1625,6420,241,352,270,109,252,215,891,512,2979,186,1961,326,227,3186,374,145,152,142,241,2842,2708,739,213,81,1342,165,109,555,310,380,254,117,228,631,876,4801,3641,253,471,559,233,1233,140,1561,108,300,958,286,130,1649,332,453,113,408,361,344,187,336,343,60,297,1458,310,1090,127,110,70,293,832,354,423,270,370,167,176,226,387,844,208,288,150,1336,176,172,3363,149,118,155,153,156,195
107,256,129,224,2176,200,271,97,482,59,66,464,389,1466,453,169,307,431,221,409,1336,697,194,255,104,1612,262,1376,292,209,341,145,83,363,453,162,105,1500,262,143,436,172,1879,147,481,507,364,131,353,540,55,184,798,445,119,223,84,300,184,267,945,795,920,360,170,776,179,1119,318,813,1142,849,128,81,463,662,2375,93,568,339,369,473,128,157,403,750,4165,184,109,117,1405,244,354,1025,221,3381,526,475,118,304,380,1552,321,195,267,346,138,867,1258,433,369,822,127,147,109,99,653,4312,2368,145,8136,3543,113,152,660,133,158,55,447,538,457,641,1719,1621,320,212,1454,192,751,125,397,178,227,102,138,781,1185,145,1002,281,9131,133,1250,860,151,233,585,181,184,877,127,1861,549,170,125,1233,130,856,17854,414,233,168,504,714,581,280,688,576,4350,243,139,290,194,109,244,1841,1932,647,611,450,332,611,65,310,180,1026,715,186,554,152,323,2000,1226,157,3622,1934,226,504,104,111,162,330,585,1979,234,612,1279,497,137,157,97,831,444,154,466,273,281,361,927,5397,180,2402,97,140,188,392,796,171,2587,484,138,345,658,854,133,564,4048,182,104,237,121,282,112,257,168,183,886,281,377,285,340,1441,23,106,421,95,2528,1572,464,78,277,597,641,65,733,1280,315,286,215,166,1289,447,140,2121,185,156,586,709,291,281,3285,434,462,508,634,134,314,493,115,114,134,525,90,211,359,654,274,134,77,180,54,414,151,1346,137,353,150,263,1882,381,681,1132,1388,553,227,670,173,269,105,1758,483,138,2953,5102,83,259,135,163,738,1187,704,109,195,161,263,558,863,210,548,2543,126,129,1243,542,966,88,316,152,437,195,9370,2114,454,321,414,98,190,184,1394,126,458,105,326,162,85,701,612,659,746,205,146,309,508,72,102,1088,835,118,237,578,87,767,354,545,102,103,97,542,142,204,185,510,747,333,86,153,819,222,366,169,694,141,78,93,855,650,156,164,328,294,1444,730,362,251,163,166,382,135,119,209,546,168,167,126,653,176,111,143,211,541,150,350,148,191,198,1716,1615,1131,2385,162,486,28380,2587,598,75,201,1393,240,133,5857,2256,234,1138,1284,550,543,227,184,79,599,651,217,793,198,1416,288,117,112,927,227,3804,289,774,173,186,1469,149,115,4533,347,2591,196,267,599,389,1019,821,1664,582,362,216,95,378,157,143,171,109,335,616,154,509,137,1146,445,106,160,2072,104,429,456,9812,318,206,2234,250,895,1065,232,378,2093,120,140,14440,233,168,141,92,1098,189,9905,141,443,1009,191,206,740,486,189,106,316,64,1365,305,168,292,2755,130,221,1052,200,1588,102,119,193,185,163,183,241,454,261,325,307,467,72,717,150,1502,4034,116,897,200,288,92,160,890,5734,785,216,98,386,42,149,787,2291,3574,4750,245,2137,98,184,612,384,197,618,311,112,188,345,231,374,297,86,254,102,531,1547,123,207,450,168,179,626,1789,156,817,129,354,248,705,189,439,35,1046,80,266,151,212,1697,1572,117,1255,1243,670,95,156,1687,517,147,1133,459,123,114,395,192,1142,366,108,296,52,475,15209,169,539,1192,1020,163,7426,1759,381,121,168,42,2351,323,1163,530,91,708,575,2862,116,705,129,72,447,183,552,1060,63,200,1752,39,188,599,454,302,172,197,290,141,5119,62,1374,14602,22222,451,340,307,302,103,75,293,322,217,520,174,214,331,936,101,1745,1888,350,116,168,605,105,659,159,576,839,44,429,709,344,3146,157,174,2004,164,147,2644,221,114,836,1905,114,130,127,354,161,165,708,812,1842,7652,585,5498,671,66,368,372,386,152,300,123,383,230,219,131,390,494,67,821,1490,209,125,214,278,592,696,166,117,149,1377,261,255,1466,131,221,743,89,97,236,709,123,3437,3838,1405,235,143,255,302,373,138,333,314,2300,211,218,127,114,536,108,208,806,163,517,186,773,214,149,134,473,207,85,102,479,630,227,164,152,1423,478,978,3437,1211,1606,134,291,213,223,263,299,655,6550,288,220,478,224,851,110,813,134,726,1092,5527,1437,1558,513,194,446,227,266,127,107,93,186,177,338,366,12318,516,135,192,132,332,676,835,171,226,89,5498,1719,192,253,299,299,2430,1152,493,128,171,161,309,410
104,225,110,177,862,248,170,372,307,285,332,660,206,5036,397,529,328,125,243,125,292,94,421,103,176,742,1719,941,59,10589,608,660,259,368,231,528,170,707,149,135,592,315,574,215,508,151,1531,350,826,400,145,1138,193,833,213,91,1094,281,171,31,75,189,2441,353,1500,93,170,273,384,456,195,953,614,651,326,160,793,405,365,2009,415,309,161,125,240,247,115,173,305,361,349,937,977,151,211,137,162,439,119,18199,112,2495,92,616,806,168,565,254,163,222,775,172,182,254,145,131,218,1412,466,100,110,153,24,632,547,376,215,498,152,736,762,139,661,347,126,1044,70,6539,282,327,263,83,130,191,645,469,62,740,38,403,569,678,111,1649,81,420,144,160,191,111,193,330,235,279,219,231,152,2941,3623,590,122,79,308,130,224,3028,61,2367,245,119,197,282,131,370,499,513,323,179,163,110,1219,2611,76,129,136,264,561,2353,497,63,114,194,691,135,216,411,2506,182,277,975,256,693,235,898,344,1128,113,689,381,185,423,127,831,128,367,79,783,272,630,280,59,689,184,263,829,519,163,194,85,396,146,721,139,315,283,226,215,109,216,646,156,831,313,2192,4452,267,814,275,987,255,107,83,117,482,7026,745,258,648,94,1526,262,638,198,100,516,252,397,154,272,1220,286,141,89,559,238,166,119,87,1823,140,85,514,148,153,1222,219,472,657,301,983,4010,248,148,639,609,246,366,2659,128,556,164,212,130,643,354,89,137,1604,181,142,61,963,463,2043,669,58,474,357,848,213,848,298,106,736,269,7782,316,712,1262,983,4120,470,179,18378,253,371,356,187,670,187,5816,383,114,147,115,186,950,183,208,315,1146,154,283,554,256,283,490,226,499,523,125,794,167,733,827,306,101,595,136,103,828,69,1201,121,630,276,660,219,302,148,219,91,170,3342,85,745,97,691,2552,1177,482,140,98,1127,109,263,132,139,174,285,109,368,970,142,429,1413,232,316,142,148,160,608,238,67,2243,197,542,1660,72,153,323,5514,322,133,952,603,312,419,124,95,140,889,313,699,608,920,122,1405,465,380,544,892,411,186,1050,648,125,215,444,85,343,99,385,131,284,1002,331,132,210,332,218,95,124,96,86,318,553,646,304,119,94,195,439,605,597,187,649,306,101,4362,1066,123,434,143,184,1196,1353,97,254,399,874,539,1296,177,135,822,885,153,267,861,642,233,114,2199,452,286,155,133,373,226,318,301,375,287,145,79,129,909,185,537,70,2557,404,523,182,666,468,109,5809,741,94,149,67,1022,236,387,563,10778,67,2149,282,272,252,133,351,177,145,290,384,1137,51,1816,433,79,312,132,137,437,192,253,99,129,177,308,1905,186,443,332,411,745,203,202,232,305,225,587,358,7639,444,299,111,2730,205,85,597,140,171,81,175,6131,361,299,157,451,334,606,210,217,232,3473,702,151,266,689,110,120,81,563,205,387,230,78,207,3904,184,234,179,109,1750,105,1124,229,265,263,305,53,154,2134,1132,1245,264,119,6562,191,95,787,653,6983,70,505,133,526,310,1835,464,1194,181,1123,151,7471,729,193,172,146,225,2852,390,120,171,104,717,1727,163,101,2722,130,1215,834,162,122,66,1794,696,345,246,261,262,426,248,4204,150,535,171,325,227,199,109,171,2060,189,197,1327,83,187,1894,313,139,180,419,53,64,394,340,1975,191,223,225,1155,140,559,288,786,376,96,159,367,197,55,557,394,156,246,980,76,813,196,337,384,365,317,561,239,4331,424,139,15237,322,192,208,1921,2091,279,168,455,1812,832,197,203,436,195,1460,419,160,517,183,135,276,332,1268,558,258,125,292,1431,199,160,1192,211,39615,737,10346,511,555,683,139,123,624,296,151,228,139,224,160,323,539,829,98,168,79,84,1484,144,203,263,162,289,268,3892,306,3374,359,1397,1402,647,187,472,119,185,156,359,301,274,255,353,562,607,236,2458,75,287,186,368,196,705,5510,142,456,250,147,177,109,1168,188,214,803,1223,80,872,916,124,673,169,219,2262,161,1131,723,90,994,397,491,88,1428,555,718,288,751,96,483,3225,102,303,1441,291,1828,148,281,1097,325,217,478,278,28,408,3007,226,377,1790,745,191,85,64,197,2063,181,3999
129,181,315,883,502,168,59,176,311,958,1373,614,5908,141,741,63,359,108,190,345,213,197,268,282,330,690,143,68,362,304,466,108,298,709,58,1440,326,903,123,133,286,145,1338,91,209,160,2694,157,191,351,560,1209,3130,713,138,2439,176,345,1507,180,228,284,1628,291,562,594,318,141,342,139,111,3458,1083,138,394,76,140,133,2038,122,1504,135,307,3279,392,929,153,1934,657,144,185,254,257,2511,251,1354,1086,184,148,43,1914,257,617,167,294,98,895,417,686,1740,255,255,101,218,286,502,731,379,159,144,102,209,486,2563,229,201,456,183,476,279,165,553,796,223,63,127,236,2840,209,172,246,143,126,140,165,791,392,177,178,71,216,139,664,1685,421,481,319,1447,4551,1325,757,1085,1283,64,210,127,5016,205,493,2736,304,120,441,193,390,97,189,420,217,3666,215,327,123,6050,44,274,110,2448,238,1733,114,413,132,280,87,139,1106,2026,965,126,373,137,164,594,415,149,198,2152,146,151,94,149,253,186,433,292,7596,321,124,330,154,173,1057,546,96,421,298,250,171,605,115,169,506,155,3609,1119,489,426,349,127,156,184,106,538,452,489,97,73,302,101,761,126,2800,1800,961,1393,125,256,283,334,399,189,495,205,172,226,222,110,175,311,973,103,330,756,370,184,203,151,496,274,216,98,6523,57,408,1249,1590,2008,99,2334,104,365,185,774,520,207,402,369,279,498,67,203,227,663,2734,1127,231,287,1041,1751,930,137,556,1335,234,344,336,1082,256,640,287,192,193,1122,172,748,2244,290,413,1061,339,66,75,244,199,542,254,302,143,204,244,399,712,1512,370,154,142,400,310,4568,153,1765,378,530,75,3971,86,355,2649,169,866,87,544,1510,117,164,1316,218,192,279,239,56,113,100,66,114,567,290,373,1750,644,196,647,4076,94,267,314,866,70,592,202,421,3231,379,230,118,710,360,384,270,185,10447,394,188,152,624,408,212,240,132,128,1799,213,245,2015,1638,279,345,237,367,295,1166,817,92,569,7512,948,259,140,1016,71,274,291,1067,651,389,891,1676,186,126,301,337,498,141,579,4143,239,28074,8246,707,1120,1894,414,1229,198,220,173,175,291,1087,1314,654,255,597,187,494,947,78,624,976,427,11782,256,243,599,100,2038,336,803,811,777,525,291,1435,341,645,357,13835,242,1509,208,893,606,89,504,147,379,723,2597,253,464,135,153,198,1012,1897,665,569,737,164,4971,212,173,176,656,213,526,410,511,171,96,635,2305,97,921,401,406,66,363,239,139,846,225,1228,180,279,251,213,474,2667,120,322,196,82,209,156,323,1713,606,279,373,248,147,142,132,72,129,101,200,588,399,256,218,315,444,252,282,3223,216,1880,2315,2281,423,2016,838,80,125,161,728,223,172,510,209,549,81,143,113,522,120,206,75,135,140,2737,198,151,701,4270,395,411,967,464,1632,1187,792,159,241,2114,515,109,224,1857,723,2045,2168,319,143,92,1963,223,574,145,900,476,598,167,363,252,329,63,131,478,106,220,341,379,175,2803,638,92,224,173,194,225,162,412,1158,3019,587,57,1810,262,177,282,1558,58,709,635,174,310,436,1872,385,196,275,267,515,80,334,412,154,404,144,453,108,261,208,3707,55,154,155,174,161,333,928,535,4813,245,66,1538,3191,336,155,145,2791,71,445,293,825,164,696,310,59,884,215,263,234,490,237,327,219,112,133,83,247,196,202,593,233,256,344,1150,585,1129,308,904,219,484,136,596,575,606,191,635,251,811,432,87,89,118,460,4280,132,1822,185,1088,279,784,180,227,87,863,131,613,243,144,612,133,204,830,174,203,81,421,288,314,115,133,1357,878,461,326,68,149,259,215,390,158,333,3993,316,403,335,897,147,414,79,356,2002,363,2682,348,248,151,146,101,146,487,175,222,1205,108,338,177,103,144,159,379,685,547,157,125,201,134,372,116,226,358,247,2344,248,238,280,860,416,246,156,183,112,452,281,102,473,244,153,921,225,274,184,609,87,308,989,128,272,154,483,386,12391,117,274,1029,1683,56,115,167,3112,86,123,925,728,463,996,93,611,431,331,6321,182,486,105,748,5965,300,442,203,149,208,280,277,146,294,344,12454,2455,97,307,3353,146,335,301,149,109,212,68,364
304,185,636,346,218,1534,1626,145,823,92,246,210,122,1833,81,788,72,748,323,245,457,555,134,703,96,450,809,187,129,158,740,420,96,246,246,1258,460,210,30729,118,1045,207,146,136,12899,137,1305,151,1113,322,394,177,126,158,257,2144,121,54,518,428,109,184,291,291,763,537,112,196,96,32716,521,314,1606,197,259,274,433,651,256,208,315,1242,111,242,362,158,138,181,275,184,66,1365,878,57,342,161,206,823,2765,1196,206,615,172,454,311,259,1027,153,169,1970,94,243,179,586,548,325,1130,41,82,375,746,177,1626,250,882,289,1078,107,213,226,57,272,400,125,173,1365,6598,1168,44,1209,637,139,1306,361,79,491,1528,545,258,556,574,201,179,1293,344,179,259,421,268,548,139,210,121,207,423,95,287,727,101,147,294,394,10234,459,150,495,353,109,1176,178,671,271,640,637,667,758,245,336,154,218,1578,909,265,221,728,1145,170,1119,91,1198,2437,74,244,679,82,525,208,193,208,389,293,143,272,1308,203,137,149,150,17140,170,275,451,159,6034,102,431,73,1158,467,322,338,217,180,191,221,199,543,354,469,25385,393,255,158,170,6996,577,92,1313,296,205,172,601,129,162,791,201,420,5381,230,235,220,131,5952,228,392,281,112,590,491,4220,230,627,184,263,175,351,386,1453,183,137,1742,212,199,514,693,187,347,517,1445,538,193,433,255,67,144,3004,135,5969,318,199,435,227,238,527,1103,596,2655,260,1616,141,221,205,149,322,164,2743,173,59,1333,521,576,1995,5454,735,205,217,462,412,163,125,555,414,690,253,1226,214,274,3751,89,278,176,358,93,104,145,241,208,221,195,1251,284,1560,3261,5080,397,786,132,154,194,1855,908,2380,101,246,44,222,501,513,61,6405,500,557,1843,128,2784,408,790,502,2238,335,523,168,836,148,341,162,175,152,117,674,229,448,963,224,626,301,287,1147,155,100,139,373,110,1718,168,663,1093,1380,164,116,86,2752,1287,501,97,1115,130,1604,720,163,391,728,105,278,184,213,1016,483,845,89,790,220,424,175,2302,1100,129,178,494,200,110,319,68,241,72,266,107,259,94,745,80,234,212,279,392,4680,412,235,1266,150,1999,604,157,287,162,116,762,68,569,1910,694,443,13203,193,800,414,292,196,136,422,77,599,256,100,123,183,641,95,4441,574,188,4486,127,785,109,222,552,1071,9694,93,261,505,244,4027,172,398,574,1165,147,145,100,5652,452,363,318,1009,80,1386,204,437,191,4602,182,523,4129,239,198,279,477,515,363,1027,470,3472,661,5987,314,222,207,287,5489,293,73,340,2043,152,6790,155,4518,477,335,197,327,3968,886,171,1829,1408,596,1641,100,211,945,148,499,170,157,3185,806,244,351,236,140,771,2388,416,198,203,808,3520,131,147,948,199,9034,210,121,653,1082,804,2311,279,294,215,119,128,509,511,312,146,235,772,671,687,379,347,363,376,64,547,744,83,242,224,205,129,124,155,625,1512,4887,3773,541,868,1142,65,727,413,119,439,48,326,197,375,505,341,152,626,214,4239,155,211,165,128,74,190,199,262,336,1627,857,197,691,277,232,81,460,83,14719,106,581,139,381,518,272,238,205,212,160,103,122,811,240,344,108,541,241,163,508,391,743,1899,321,387,408,142,96,85,473,225,591,93,309,165,1673,144,674,567,876,169,252,408,94,114,78,542,1357,238,1124,89,110,302,613,288,19664,195,579,94,227,378,283,192,962,173,1404,364,1607,276,330,593,600,267,388,143,3863,349,238,182,143,125,474,7170,180,119,170,289,138,246,497,193,142,675,286,680,590,2422,146,340,445,1156,3386,1417,567,299,618,269,173,290,469,338,187,278,358,1669,225,289,249,957,149,208,188,90,348,632,105,1104,1324,8298,90,533,332,229,131,967,81,116,102,1227,653,103,625,306,147,148,856,600,431,76,246,1184,205,640,101,67,272,173,48,822,227,85,23,110,132,161,184,189,168,1049,349,537,80,104,252,1505,133,524,174,79,5309,124,630,983,91,1377,165,277,199,1024,163,1070,309,164,1907,180,74,4592,237,105,236,546,100,158,1172,1223,127,146,311,97,176,467,85,917,1068,1090,5116,506,237,240,157,512,89,120,299,6905,273,754,280,220,95,73,341,602,198,121,116,197
917,429,240,315,812,256,448,245,1122,392,459,404,1337,279,1538,428,166,160,652,260,145,129,140,79,77,88,68,91,717,1084,1575,246,511,186,183,949,665,206,94,668,3191,46,197,371,167,1252,140,476,281,1548,114,194,417,886,183,951,324,151,406,127,296,927,477,371,179,293,83,1925,647,154,255,1487,363,391,359,411,81,296,961,159,206,1069,189,671,507,119,364,219,107,161,3118,100,660,118,247,429,878,416,537,147,9073,331,11981,327,2438,250,469,165,70,109,126,203,225,120,1994,2076,210,160,211,382,458,2734,480,210,118,263,84,168,216,310,743,2492,935,458,81,417,353,506,157,99,751,274,92,135,623,75,221,174,77,1546,168,251,306,198,1052,186,336,669,298,116,353,344,414,825,180,308,214,86,133,64,7270,2932,640,68,740,136,817,224,146,1917,151,311,111,465,618,245,104,355,152,193,195,192,269,204,222,2675,142,182,575,1333,111,203,496,155,18972,241,363,593,143,1072,284,621,274,126,246,110,290,78,409,471,285,150,161,304,370,164,126,425,1709,97,1190,119,138,115,254,530,216,1916,1250,1031,77,188,8957,132,130,324,509,241,205,812,692,438,270,3062,165,441,206,349,134,268,654,350,626,116,667,406,395,351,186,304,349,323,215,842,326,131,463,274,147,302,64,114,1807,498,2470,67,159,1834,173,375,472,966,247,160,108,177,2022,432,1044,233,1422,237,611,234,106,775,1436,133,325,7499,137,238,500,696,689,273,150,427,68,327,203,2111,1109,207,277,141,292,64,1255,595,315,147,253,160,8635,112,160,273,237,248,235,127,248,74,608,128,409,502,5755,602,744,70,1106,267,214,477,156,78,83,2660,157,984,273,462,121,88,149,202,363,1432,130,132,694,195,258,637,853,140,1333,743,90,257,74,327,177,80,186,336,321,134,133,1012,172,187,8403,1861,493,363,740,1824,4618,239,260,229,6776,114,1026,790,442,278,1313,606,73,185,236,1507,354,880,607,877,418,58,258,266,1280,375,34,102,95,315,62,243,199,1294,101,456,461,1000,69,206,79,665,1049,153,570,280,50,307,494,340,332,292,246,108,4475,296,493,2812,866,451,323,749,733,156,89,551,325,329,294,197,646,120,821,279,229,342,180,100,2733,96,357,638,704,455,696,366,940,1718,604,195,377,645,256,125,1928,146,45,172,54,194,209,129,117,70,453,1465,541,514,139,346,134,349,184,1477,277,489,1184,308,135,98,122,99,534,207,701,5555,381,872,640,109,148,192,179,137,115,590,2447,155,180,238,532,250,39,554,650,96,1910,588,592,1013,778,863,259,142,567,208,440,2696,2488,265,169,1077,800,324,305,315,98,413,207,7947,80,80,183,444,223,1220,516,51,413,240,612,197,160,63,259,617,146,109,262,172,127,143,358,187,588,167,189,89,253,1734,174,3017,354,499,606,123,2667,160,909,412,541,360,147,171,523,147,203,1378,217,4753,308,194,1327,341,297,2651,1040,132,227,226,1391,1093,180,569,364,609,615,146,80,81,236,154,68,214,746,907,1112,222,138,151,113,180,1124,2503,619,129,366,1057,398,981,48,270,141,780,176,204,110,221,392,695,680,639,2729,1027,739,80,396,218,134,46,223,136,236,3908,151,83,200,307,205,2176,435,940,323,2034,137,837,140,540,217,1650,260,3344,699,147,177,10983,392,1719,160,278,233,448,1112,2672,478,156,483,1640,455,466,179,191,642,1491,275,1705,372,449,150,545,174,412,983,109,333,203,157,182,250,1603,983,255,409,178,950,96,366,113,201,235,165,376,303,639,237,152,608,745,615,148,267,440,16275,674,2261,120,2748,516,409,1270,222,1233,421,657,427,539,242,82,315,151,851,710,258,935,75,2017,153,2481,559,431,120,9389,138,666,979,292,264,55,523,536,1285,613,37,213,1094,1011,97,292,3920,817,844,760,768,448,2238,373,3666,8276,1747,95,367,1021,561,249,729,1121,151,130,127,310,691,985,408,327,119,498,157,556,730,3198,939,189,378,500,480,614,134,521,231,282,82,440,208,919,104,189,184,294,184,2460,214,109,1270,29,565,235,244,32,79,154,204,69,161,708,168,676,346,302,2231,290,150,207,187,722,134,3280,512,5108,55,392,128,350,116,82,144,1145
